1c:28:af:62:b1:00,-84,-84,-84,-84,-84,-84,-84,-84,-84,-84,-84,-84,-84,-84,-84,-84,-84,-84,-84,-84,-84,-84,-84,-84,-84,-84,-84,-84,-84,-84,-84,,,,,,,,,,,,,,,,,,,,,,,,,,,,,,,,,,,,,,,,,,,,,,,,,,,,,,,,,,,,,,,,,,,,,,,,,,,,,,,,,,,,,,,,-85,-85,,,,,,,,,,,,,,,,,,,,,,,,,,,,,-85,-85,-85,-85,-85,-85,-85,-85,-85,-85,-85,,,,,,,,,,,,,,,,,,,,-86,-86,-86,-86,-86,-86,-86,-86,-86,-86,-86,-86,-86,-86,-86,-86,-86,-86,-86,-86,-80,-80,-80,-80,-80,-80,-80,-80,-80,-80,-80,-80,-80,-80,-80,-80,-80,-80,-80,-80,-80,-80,-80,-80,-80,-80,-80,-83,-83,-83,-83,-83,-83,-83,-83,-83,-83,-83,-83,-83,-83,-83,-83,-83,-83,-83,-83,-83,-86,-86,-86,-86,-86,-86,-86,-86,-86,-86,-86,-86,-86,-86,-86,-86,-86,-86,-86,-86,-80,-80,-80,-80,-80,-80,-80,-80,-80,-80,-80,-80,-80,-80,-80,-80,-80,-80,-80,-80,-80,-80,-80,-80,-80,-80,-80,-83,-83,-83,-83,-83,-83,-83,-83,-83,-83,-83,-83,-83,-83,-83,-83,-83,-83,-83,-83,-83,,,,,,,,,,,,,,,,,,,,,,,,,,,,,,,,,,,,,,,,,,,,,,,,,,,,,,,,,,,,,,,,,,,,,,,,,,,,,,,,,,,,,,,,,,,,,,,,,,,,,,,,,,,,,,,,,,,,,,,,,,,,,,,,,,,,,,,,,,,,,,,,,,,,,,,,,,,,,,,,,,,,
1c:28:af:62:b1:01,-84,-84,-84,-84,-84,-84,-84,-84,-84,-84,-84,-84,-84,-84,-84,-84,-84,-84,-84,-84,-84,-84,-84,-84,-84,-84,-84,-84,-84,-84,-84,-85,-85,-85,-85,-85,-85,-85,-85,-85,-85,-85,-85,-85,-85,-85,-85,-85,-85,-85,-85,-85,-85,-85,-85,-85,-85,-85,-85,-85,-85,-85,-85,-81,-81,-81,-81,-81,-81,-81,-81,-81,-81,-81,-81,-81,-81,-81,-81,-81,-81,-81,-81,-81,-81,-81,-81,-81,-81,-81,-81,-81,-81,-81,-81,-81,-81,-81,-81,-81,-81,-81,-81,-81,-81,-81,-81,-81,-81,-81,-81,-81,-81,-81,-81,-81,-81
d0:4d:c6:f3:03:a0,-76,-76,-76,-76,-76,-76,-76,-76,-76,-76,-76,-76,-76,-76,-76,-76,-76,-76,-76,-76,-76,-82,-82,-82,-82,-82,-82,-82,-78,-78,-78,-78,-78,-78,-78,-78,-78,-78,-78,-78,-78,-78,-78,-78,-78,-78,-78,-78,-78,-78,-78,-78,-80,-80,-80,-80,-80,-80,-80,-80,-80,-80,-80,-80,-80,-80,-80,-80,-80,-80,-80,-80,-80,-80,-80,-80,-80,-80,-82,-82,-82,-82,-82,-82,-82,-82,-82,-82,-82,-82,-82,-82,-82,-82,-82,-82,-82,-82,-82,-82,-78,-78,-78,-78,-78,-79,-79,-79,-79,-78,-78,-78,-78,-78,-79,-79,-79,-79
d0:4d:c6:f3:03:a1,-76,-76,-76,-76,-76,-76,-76,-76,-76,-76,-76,-76,-76,-76,-76,-76,-76,-76,-76,-76,-76,-82,-82,-82,-82,-82,-82,-82,-78,-78,-78,-78,-78,-78,-78,-78,-78,-78,-78,-78,-78,-78,-78,-78,-78,-78,-78,-78,-78,-78,-78,-78,-80,-80,-80,-80,-80,-80,-80,-80,-80,-80,-80,-80,-80,-80,-80,-80,-80,-80,-80,-80,-80,-80,-80,-80,-80,-80,-76,-76,-76,-76,-76,-76,-76,-76,-76,-76,-76,-78,-78,-78,-78,-78,-78,-78,-78,-78,,,,,,,,,,,-76,-76,-76,-76,-76,-76,-76,-76,-76,-83,-83,-83,-83,-83,-83,-83,-83,-83,-83,-83,-79,-79,-79,-79,-79,-79,-79,-79,-84,-84,-84,-84,-84,-84,-84,-84,-84,-84,-84,-84,-84,-84,-84,-84,-84,-84,-84,-84,-78,-78,-78,-78,-78,-78,-78,-78,-78,-78,-78,-78,-78,-78,-78,-78,-78,-78,-78,-78,-77,-77,-77,-77,-77,-77,-77,-77,-77,-83,-83,-83,-83,-83,-83,-83,-83,-83,-83,-83,-79,-79,-79,-79,-79,-79,-79,-79,-84,-84,-84,-84,-84,-84,-84,-84,-84,-84,-84,-84,-84,-84,-84,-84,-84,-84,-84,-84,-78,-78,-78,-78,-78,-78,-78,-78,-78,-78,-78,-78,-78,-78,-78,-78,-78,-78,-78,-78,-77,-77,-77,-77,-77,-77,-77,-77,-77
d0:4d:c6:f3:03:a2,-76,-76,-76,-76,-76,-76,-76,-76,-76,-76,-76,-76,-76,-76,-76,-76,-76,-76,-76,-76,-76,-76,-76,-76,-76,-76,-76,-76,-76,-76,-76,-80,-80,-80,-80,-80,-80,-80,-80,-80,-80,-80,-80,-80,-80,-80,-80,-80,-80,-80,-80,-80,-80,-80,-78,-78,-78,-78,-78,-78,-78,-78,-78,-78,-78,-78,-78,-78,-78,-78,-78,-78,-78,-78,-78,-78,-78,-78,-80,-80,-80,-80,-80,-80,-80,-80,-80,-80,-80,-80,-80,-80,-80,-80,-80,-80,-80,-80,-79,-79,-79,-79,-79,-79,-79,-79,-79,-79,-79,-79,-79,-76,-76,-76,-76,-76,-76,-76,-76,-76,-76,-76,-76,-76,-76,-76,-76,-76,-76,-76,-76,-76,-83,-83,-83,-83,-83,-83,-83,-83,-83,-83,-83,-86,-86,-86,-86,-86,-86,-86,-86,-86,-86,-86,-86,-86,-86,-86,-86,-86,-86,-86,-86,-78,-78,-78,-78,-78,-78,-78,-78,-78,-78,-78,-78,-78,-78,-78,-78,-78,-78,-78,-78,-78,-78,-78,-78,-78,-78,-78,-78,-78,-83,-83,-83,-83,-83,-83,-83,-83,-83,-83,-83,-86,-86,-86,-86,-86,-86,-86,-86,-86,-86,-86,-86,-86,-86,-86,-86,-86,-86,-86,-86,-78,-78,-78,-78,-78,-78,-78,-78,-78,-78,-78,-78,-78,-78,-78,-78,-78,-78,-78,-78,-78,-78,-78,-78,-78,-78,-78,-78,-78
1c:28:af:65:f0:82,-85,-85,-85,-85,-85,-85,-85,-85,-85,-85,-85
1c:28:af:65:ce:21,-71,-71,-71,-71,-71,-71,-71,-71,-71,-71,-71
1c:28:af:65:f0:81,-85,-85,-85,-85,-85,-85,-85,-85,-85,-85,-85
1c:28:af:65:ce:20,-72,-72,-72,-72,-72,-72,-72,-72,-72,-72,-72
1c:28:af:65:f0:80,-85,-85,-85,-85,-85,-85,-85,-85,-85,-85,-85
1c:28:af:65:ce:22,-75,-75,-75,-75,-75,-75,-75,-75,-75,-75,-75,-75,-75,-75,-75
d0:4d:c6:f3:15:c2,-81,-81,-81,-81,-81,-81,-81,-81,-81,-81,-81,-77,-77,-77,-77,-75,-75,-75,-75,-75,-75,-74,-74,-74,-74,-74,-74,-74,-74,-74,-74,-75,-75,-75,-75,-75,-75,-75,-75,-75,-75,-75,-75,-75,-75,-75,-75,-75,-75,-75,-75,-78,-78,-78,-78,-78,-78,-78,-78,-78,-78,-78,-78,-78,-78,-78,-78,-78,-78,-78,-78,-74,-74,-74,-74,-74,-74,-74,-74,-74,-74,-74,-74,-74,-74,-74,-74,-74,-74,-74,-74,-74,-74,-74,-74,-74,-74,-74,-74,-74,-74,-74,-74,-74,-74,-74,-74,-74,-74,-74,-74,-74,-74,-74,-74,-74,-74,-74,-70,-70,-70,-70,-70,-70,-70,-70,-76,-76,-76,-76,-76,-76,-76,-76,-76,-76,-76,-76,-76,-76,-76,-76,-76,-78,-78,-75,-75,-75,-75,-75,-75,-75,-75,-75,-75,-75,-73,-73,-73,-73,-74,-74,-74,-74,-74,-74,-73,-73,-73,-73,-73,-73,-73,-73,-73,-78,-78,-78,-78,-78,-78,-78,-78,-78,-78,-78,-74,-73,-73,-73,-73,-73,-73,-73,-73,-73,-73,-73,-73,-73,-73,-73,-73,-73,-73,-78,-76,-76,-76,-76,-76,-76,-76,-76,-76,-76,-76,-76,-76,-76,-76,-76,-76,-76,-76,-76,-76,-76,-76,-76,-76,-76,-82,-75,-75,-75,-75,-75,-75,-75,-75,-75,-75,-75,-75,-75,-75,-75,-75,-75,-75,-75,-75,-75,-75,-75,-75,-75,-75,-75,-75,-75,-75,-77,-77,-77,-77,-77,-77,-77,-77,-77,-77,-77,-77,-77,-77,-77,-77,-77,-77,-77,-77,-77,-73,-73,-73,-73,-73,-73,-73,-73,-73,-73,-73,-73,-73,-73,-73,-73,-73,-73,-73,-73,-73,-73,-73,-73,-73,-82,-75,-75,-75,-75,-75,-75,-75,-75,-75,-75,-75,-75,-75,-75,-75,-75,-75,-75,-75,-75,-75,-75,-75,-75,-75,-75,-75,-75,-75,-75,-77,-77,-77,-77,-77,-77,-77,-77,-77,-77,-77,-77,-77,-77,-77,-77,-77,-77,-77,-77,-77,-73,-73,-73,-73,-73,-73,-73,-73,-73,-73,-73,-73,-73,-73,-73,-73,-73,-73,-73,-73,-73,-73,-73,-73,-73
1c:28:af:62:b1:02,-84,-84,-84,-84,-84,-84,-84,-84,-84,-84,-84,-84,-84,-84,-84,-84,-84,-84,-84,-84,-84,-84,-84,-84,-84,-84,-84,-84,-84,-84,-84,-87,-87,-87,-87,-87,-87,-87,-87,-87,-87,-87,-87,-87,-87,-87,-87,-87,-87,-87,-87,-81,-81,-81,-81,-81,-81,-81,-81,-81,-81,-81,-81,-81,-81,-81,-81,-81,-81,-81,-81,-81,-81,-81,-81,-81,-81,-81,-83,-83,-83,-83,-83,-83,-83,-83,-83,-83,-83,-83,-83,-83,-83,-83,-83,-83,-83,-83,-83,-87,-87,-87,-87,-87,-87,-87,-87,-87,-87,-87,-87,-87,-87,-87,-87,-87,-87,-87,-87,-81,-81,-81,-81,-81,-81,-81,-81,-81,-81,-81,-81,-81,-81,-81,-81,-81,-81,-81,-81,-81,-81,-81,-81,-81,-81,-81,-83,-83,-83,-83,-83,-83,-83,-83,-83,-83,-83,-83,-83,-83,-83,-83,-83,-83,-83,-83,-83
1c:28:af:65:fe:a2,-78,-79,-79,-79,-79,-79,-79,-79,-79,-79,-79,-79,-79,-79,-79,-79,-79,-79,-79,-79,-79,-79,-79,-79,-79,-79,-79,-79,-79,-79,-79,-78,-78,-78,-77,-77,-77,-77,-77,-77,-77,-77,-77,-77,-77,-77,-77,-77,-77,-77,-77,-78,-78,-78,-78,-78,-78,-78,-78,-78,-78,-78,-78,-78,-78,-78,-78,-78,-78,-78,-78,-74,-74,-74,-74,-74,-74,-74,-74,-74,-74,-74,-74,-74,-74,-74,-74,-74,-74,-74,-74,-76,-76,-76,-76,-76,-76,-76,-82,-82,-82,-82,-82,-82,-82,-82,-82,-82,-82,-82,-82,-82,-82,-82,-82,-82,-82,-82,-82,-72,-72,-72,-72,-72,-72,-72,-72,-72,-72,-72,-72,-72,-72,-72,-72,-72,-72,-72,-72,-72,-72,-72,-72,-72,-72,-72,-72,-72,-72,-72,-72,-72,-72,-72,-72,-72,-72,-72,-72,-72,-72,-72,-83,-83,-83,-83,-83,-83,-83,-83,-83,-83,-83,-83,-83,-83,-83,-83,-83,-83,-83,-83,-85,-85,-85,-85,-85,-85,-85,-85,-85,-85,-85,-85,-77,-77,-77,-77,-77,-77,-77,-77,-81,-81,-81,-81,-81,-81,-81,-81,-81,-81,-75,-75,-75,-75,-75,-75,-75,-75,-75,-75,-75,-75,-75,-75,-75,-72,-72,-72,-72,-72,-72,-72,-72,-72,-83,-83,-83,-83,-83,-83,-83,-83,-83,-83,-83,-83,-83,-83,-83,-83,-83,-83,-83,-83,-85,-85,-85,-85,-85,-85,-85,-85,-85,-85,-85,-85,-77,-77,-77,-77,-77,-77,-77,-77,-81,-81,-81,-81,-81,-81,-81,-81,-81,-81,-75,-75,-75,-75,-75,-75,-75,-75,-75,-75,-75,-75,-75,-75,-75,-72,-72,-72,-72,-72,-72,-72,-72,-72
d0:4d:c6:f3:15:c1,-78,-78,-78,-78,-78,-78,-78,-78,-78,-78,-78,-76,-76,-76,-76,-76,-76,-74,-74,-74,-74,-74,-74,-74,-74,-74,-74,-75,-75,-75,-75,-75,-75,-75,-75,-75,-75,-75,-75,-75,-75,-75,-75,-75,-75,-75,-75,-78,-78,-78,-78,-78,-78,-78,-78,-78,-78,-78,-78,-78,-78,-78,-78,-78,-78,-78,-78,-74,-74,-74,-74,-74,-74,-74,-74,-74,-74,-74,-74,-74,-74,-74,-74,-74,-74,-74,-74,-74,-74,-74,-74,-74,-74,-74,-74,-74,-74,-74,-74,-74,-74,-74,-74,-74,-74,-74,-74,-74,-74,-74,-74,-74,-74,-74,-70,-77,-77,-77,-77,-77,-77,-77,-77,-77,-77,-76,-76,-76,-76,-76,-76,-76,-76,-76,-76,-76,-76,-76,-76,-76,-76,-76,-78,-78,-77,-77,-77,-77,-77,-77,-77,-77,-77,-77,-77,-77,-77,-77,-77,-75,-75,-75,-75,-75,-75,-75,-75,-75,-75,-75,-75,-75,-75,-75,-78,-78,-78,-78,-78,-78,-78,-78,-78,-78,-78,-74,-74,-74,-74,-74,-74,-74,-74,-74,-74,-74,-74,-74,-74,-74,-74,-74,-74,-74,-78,-78,-78,-78,-78,-78,-78,-78,-78,-78,-78,-75,-75,-75,-75,-75,-75,-75,-75,-75,-75,-75,-78,-78,-78,-78,-78,-78,-78,-78,-78,-78,-78,-78,-78,-78,-78,-78,-78,-78,-78,-78,-78,-72,-72,-72,-72,-72,-72,-72,-72,-72,-72,-72,-72,-72,-72,-72,-72,-72,-72,-72,-72,-72,-72,-72,-72,-72,-75,-75,-75,-75,-75,-75,-75,-75,-75,-75,-75,-78,-78,-78,-78,-78,-78,-78,-78,-78,-78,-78,-78,-78,-78,-78,-78,-78,-78,-78,-78,-78,-72,-72,-72,-72,-72,-72,-72,-72,-72,-72,-72,-72,-72,-72,-72,-72,-72,-72,-72,-72,-72,-72,-72,-72,-72
1c:28:af:65:fe:a1,-70,-70,-70,-70,-70,-70,-70,-70,-70,-70,-70,-78,-78,-78,-78,-78,-78,-78,-78,-78,-78,-78,-78,-78,-78,-78,-78,-78,-78,-78,-78,-78,-78,-78,-78,-78,-78,-78,-78,-78,-78,-79,-79,-79,-79,-79,-79,-79,-79,-79,-79,-75,-75,-75,-75,-75,-75,-75,-75,-75,-75,-75,-75,-75,-75,-75,-75,-75,-75,-75,-75,-75,-75,-75,-75,-75,-75,-75,-80,-85,-72,-72,-72,-72,-72,-72,-72,-72,-72,-72,-72,-72,-72,-72,-72,-72,-72,-72,-72,-72,-72,-72,-72,-72,-72,-72,-72,-72,-72,-72,-84,-84,-84,-84,-84,-84,-84,-84,-84,-84,-84,-84,-84,-84,-84,-84,-84,-84,-84,-84,-73,-73,-73,-73,-73,-73,-73,-73,-73,-74,-74,-74,-74,-74,-74,-74,-74,-74,-74,-74,-74,-74,-74,-74,-74,-74,-74,-74,-74,-74,-72,-72,-72,-72,-72,-72,-72,-72,-72,-84,-84,-84,-84,-84,-84,-84,-84,-84,-84,-84,-84,-84,-84,-84,-84,-84,-84,-84,-84,-73,-73,-73,-73,-73,-73,-73,-73,-73,-74,-74,-74,-74,-74,-74,-74,-74,-74,-74,-74,-74,-74,-74,-74,-74,-74,-74,-74,-74,-74,-72,-72,-72,-72,-72,-72,-72,-72,-72
1c:28:af:65:c3:22,-77,-77,-77,-77,-77,-77,-77,-77,-77,-77,-77,-77,-77,-77,-77
d0:4d:c6:f3:15:c0,-76,-76,-76,-76,-76,-76,-74,-74,-74,-74,-74,-74,-74,-74,-74,-74,-74,-74,-74,-74,-74,-74,-74,-74,-74,-74,-74,-74,-74,-74,-74,-74,-74,-74,-74,-74,-72,-72,-72,-72,-72,-72,-72,-72,-72,-72,-72,-72,-72,-72,-72,-72,-72,-72,-72,-72,-72,-72,-72,-72,-72,-72,-72,-72,-72,-72,-70,-77,-77,-77,-77,-77,-77,-77,-77,-77,-77,-77,-77,-77,-77,-77,-77,-77,-77,-77,-77,-74,-74,-74,-74,-74,-74,-74,-78,-78,-75,-75,-75,-75,-75,-75,-75,-75,-75,-75,-75,-75,-75,-75,-75,-75,-75,-75,-75,-75,-75,-73,-73,-73,-73,-73,-73,-73,-73,-73,-78,-78,-78,-78,-78,-78,-78,-78,-78,-78,-78,-78,-78,-78,-78,-78,-78,-78,-78,-78,-78,-78,-78,-78,-78,-78,-78,-78,-78,-78,-78,-78,-79,-79,-79,-79,-79,-79,-79,-79,-79,-79,-79,-79,-79,-79,-79,-79,-79,-79,-79,-79,-79,-73,-73,-73,-73,-73,-73,-73,-73,-73,-73,-73,-73,-73,-73,-73,-73,-73,-73,-73,-73,-73,-73,-73,-73,-73,-79,-79,-79,-79,-79,-79,-79,-79,-79,-79,-79,-79,-79,-79,-79,-79,-79,-79,-79,-79,-79,-73,-73,-73,-73,-73,-73,-73,-73,-73,-73,-73,-73,-73,-73,-73,-73,-73,-73,-73,-73,-73,-73,-73,-73,-73
1c:28:af:65:fe:a0,-76,-77,-77,-77,-77,-77,-77,-77,-77,-77,-77,-77,-77,-77,-77,-77,-77,-77,-77,-77,-77,-79,-79,-79,-79,-79,-79,-79,-79,-79,-79,-79,-79,-79,-79,-79,-79,-79,-79,-79,-79,-79,-79,-79,-78,-78,-78,-78,-78,-78,-78,-78,-78,-78,-78,-78,-78,-78,-78,-78,-78,-78,-78,-78,-78,-78,-78,-78,-78,-78,-78,-79,-79,-79,-79,-79,-79,-79,-79,-79,-79,-75,-75,-75,-75,-75,-75,-75,-75,-75,-75,-75,-75,-75,-75,-75,-75,-75,-75,-75,-75,-75,-75,-75,-75,-75,-75,-75,-72,-72,-72,-72,-72,-72,-72,-72,-72,-72,-72,-72,-72,-72,-72,-72,-72,-72,-72,-72,-72,-72,-72,-72,-72,-72,-72,-72,-72,-72,-72,-72,-72,-72,-72,-72,-72,-72,-72,-72,-72,-72,-72,-83,-84,-84,-84,-84,-84,-84,-84,-84,-84,-84,-84,-84,-84,-84,-84,-84,-84,-84,-84,-84,-84,-84,-84,-84,-84,-84,-84,-84,-84,-74,-74,-75,-75,-75,-75,-75,-75,-75,-75,-75,-75,-75,-75,-75,-75,-75,-75,-75,-75,-75,-75,-75,-75,-75,-75,-75,-75,-75,-75,-75,-75,-75,-75,-75,-75,-75,-75,-75,-75,-75,-75,-75,-75,-75,-75,-75,-75,-75,-75,-72,-72,-72,-72,-72,-72,-72,-72,-72,-83,-84,-84,-84,-84,-84,-84,-84,-84,-84,-84,-84,-84,-84,-84,-84,-84,-84,-84,-84,-84,-84,-84,-84,-84,-84,-84,-84,-84,-84,-74,-74,-75,-75,-75,-75,-75,-75,-75,-75,-75,-75,-75,-75,-75,-75,-75,-75,-75,-75,-75,-75,-75,-75,-75,-75,-75,-75,-75,-75,-75,-75,-75,-75,-75,-75,-75,-75,-75,-75,-75,-75,-75,-75,-75,-75,-75,-75,-75,-75,-72,-72,-72,-72,-72,-72,-72,-72,-72
d0:4d:c6:f2:81:00,-64,-64,-64,-64,-64,-64,-64,-64,-64,-64,-64,-65,-65,-65,-65,-64,-64,-64,-64,-64,-64,-62,-62,-62,-62,-62,-62,-62,-62,-62,-62,-63,-63,-63,-63,-59,-59,-59,-59,-59,-59,-59,-59,-59,-59,-59,-59,-59,-59,-59,-59,-59,-59,-59,-59,-59,-59,-59,-59,-59,-59,-59,-59,-59,-59,-59,-59,-59,-59,-59,-59,-62,-62,-62,-62,-62,-62,-62,-62,-62,-62,-62,-62,-62,-62,-62,-62,-62,-62,-62,-62,-61,-61,-61,-61,-61,-61,-61,-61,-61,-61,-62,-62,-62,-62,-61,-61,-61,-61,-61,-61,-62,-62,-62,-62,-62,-62,-62,-62,-58,-58,-58,-58,-58,-58,-58,-60,-60,-60,-60,-60,-60,-60,-60,-60,-60,-60,-60,-60,-60,-60,-60,-60,-60,-60,-60,-61,-61,-63,-57,-57,-57,-57,-57,-57,-57,-57,-57,-57,-59,-59,-59,-59,-59,-59,-59,-59,-59,-59,-59,-59,-59,-59,-59,-59,-59,-59,-59,-63,-63,-63,-63,-63,-63,-63,-63,-63,-63,-63,-63,-61,-61,-61,-61,-61,-61,-61,-61,-61,-57,-57,-57,-57,-57,-57,-57,-57,-57,-63,-61,-61,-61,-61,-61,-61,-61,-61,-61,-61,-61,-61,-61,-61,-61,-61,-61,-61,-61,-61,-65,-65,-65,-65,-65,-65,-63,-63,-63,-60,-61,-61,-61,-61,-61,-61,-61,-61,-61,-61,-59,-59,-59,-59,-59,-59,-59,-59,-59,-58,-58,-58,-58,-58,-58,-58,-58,-58,-58,-64,-63,-63,-63,-63,-63,-63,-63,-63,-63,-63,-66,-66,-66,-66,-66,-66,-66,-66,-66,-66,-66,-66,-66,-66,-66,-66,-66,-66,-66,-66,-64,-64,-63,-63,-63,-63,-63,-63,-63,-63,-67,-67,-67,-67,-67,-67,-67,-67,-67,-67,-67,-67,-67,-67,-67,-67,-67,-67,-67,-67,-67,-67,-67,-67,-67,-67,-67,-67,-67,-67,-63,-63,-63,-63,-63,-63,-63,-63,-63,-63,-64,-64,-64,-64,-64,-64,-64,-64,-64,-60,-61,-61,-61,-61,-61,-61,-61,-61,-61,-61,-59,-59,-59,-59,-59,-59,-59,-59,-59,-58,-58,-58,-58,-58,-58,-58,-58,-58,-58,-64,-63,-63,-63,-63,-63,-63,-63,-63,-63,-63,-66,-66,-66,-66,-66,-66,-66,-66,-66,-66,-66,-66,-66,-66,-66,-66,-66,-66,-66,-66,-64,-64,-63,-63,-63,-63,-63,-63,-63,-63,-67,-67,-67,-67,-67,-67,-67,-67,-67,-67,-67,-67,-67,-67,-67,-67,-67,-67,-67,-67,-67,-67,-67,-67,-67,-67,-67,-67,-67,-67,-63,-63,-63,-63,-63,-63,-63,-63,-63,-63,-64,-64,-64,-64,-64,-64,-64,-64,-64
d0:4d:c6:f2:43:a0,-62,-61,-61,-61,-61,-61,-61,-61,-61,-61,-61,-57,-57,-57,-57,-57,-57,-57,-57,-57,-57,-57,-57,-57,-57,-57,-57,-57,-57,-57,-57,-57,-57,-57,-57,-57,-57,-57,-57,-57,-57,-57,-57,-57,-57,-57,-57,-57,-57,-57,-57,-60,-60,-60,-60,-60,-60,-60,-60,-60,-60,-60,-60,-60,-60,-60,-60,-60,-60,-60,-60,-60,-60,-60,-60,-60,-60,-60,-60,-60,-60,-57,-57,-57,-57,-57,-57,-57,-57,-57,-57,-63,-63,-63,-63,-63,-63,-63,-63,-63,-63,-59,-59,-59,-59,-59,-59,-59,-59,-59,-59,-59,-59,-59,-59,-59,-59,-59,-60,-56,-56,-56,-56,-56,-56,-56,-54,-54,-54,-55,-55,-55,-55,-55,-55,-55,-55,-55,-55,-52,-52,-52,-52,-52,-52,-52,-56,-56,-57,-57,-57,-57,-57,-57,-57,-57,-57,-57,-57,-55,-55,-55,-55,-55,-55,-55,-55,-55,-55,-53,-53,-53,-53,-53,-53,-53,-53,-53,-58,-58,-58,-58,-58,-58,-58,-58,-58,-58,-58,-57,-61,-61,-61,-61,-61,-61,-61,-61,-61,-64,-64,-64,-64,-64,-64,-64,-64,-64,-60,-58,-58,-58,-58,-58,-58,-58,-62,-62,-62,-62,-62,-62,-62,-62,-62,-62,-62,-62,-62,-59,-59,-59,-59,-59,-59,-59,-59,-59,-54,-52,-52,-52,-52,-52,-52,-52,-52,-52,-52,-55,-55,-55,-55,-55,-55,-55,-55,-55,-58,-59,-59,-59,-59,-59,-59,-59,-59,-59,-56,-54,-54,-54,-54,-54,-54,-54,-54,-54,-54,-58,-58,-58,-58,-58,-58,-58,-58,-58,-58,-58,-58,-58,-58,-58,-58,-58,-58,-58,-58,-63,-63,-63,-63,-63,-63,-63,-63,-63,-63,-60,-60,-60,-60,-60,-60,-60,-60,-60,-60,-60,-60,-60,-60,-60,-60,-60,-60,-60,-59,-55,-55,-55,-55,-55,-55,-55,-55,-55,-55,-59,-59,-59,-59,-59,-59,-59,-59,-59,-59,-62,-62,-62,-62,-62,-59,-59,-59,-59,-54,-52,-52,-52,-52,-52,-52,-52,-52,-52,-52,-55,-55,-55,-55,-55,-55,-55,-55,-55,-58,-59,-59,-59,-59,-59,-59,-59,-59,-59,-56,-54,-54,-54,-54,-54,-54,-54,-54,-54,-54,-58,-58,-58,-58,-58,-58,-58,-58,-58,-58,-58,-58,-58,-58,-58,-58,-58,-58,-58,-58,-63,-63,-63,-63,-63,-63,-63,-63,-63,-63,-60,-60,-60,-60,-60,-60,-60,-60,-60,-60,-60,-60,-60,-60,-60,-60,-60,-60,-60,-59,-55,-55,-55,-55,-55,-55,-55,-55,-55,-55,-59,-59,-59,-59,-59,-59,-59,-59,-59,-59,-62,-62,-62,-62,-62,-59,-59,-59,-59
d0:4d:c6:f2:81:01,-65,-65,-65,-65,-65,-65,-65,-65,-65,-65,-65,-65,-65,-65,-65,-64,-64,-64,-64,-64,-64,-63,-63,-63,-63,-63,-63,-63,-63,-63,-63,-63,-63,-63,-63,-59,-59,-59,-59,-59,-59,-59,-59,-59,-59,-59,-59,-59,-59,-59,-59,-59,-59,-59,-59,-59,-59,-59,-59,-59,-59,-59,-59,-59,-59,-59,-59,-59,-59,-59,-59,-62,-62,-62,-62,-62,-62,-62,-62,-62,-62,-62,-62,-62,-62,-63,-63,-63,-63,-63,-63,-61,-61,-61,-61,-61,-61,-61,-61,-61,-61,-62,-62,-62,-62,-61,-61,-61,-61,-61,-61,-62,-62,-62,-62,-62,-62,-62,-62,-59,-59,-59,-59,-59,-59,-59,-60,-60,-60,-60,-60,-60,-60,-60,-60,-60,-60,-60,-60,-60,-60,-60,-60,-60,-60,-60,-61,-61,-62,-57,-57,-57,-57,-57,-57,-57,-57,-57,-57,-59,-59,-59,-59,-60,-60,-60,-60,-60,-60,-60,-60,-60,-60,-60,-60,-60,-60,-60,-63,-63,-63,-63,-63,-63,-63,-63,-63,-63,-63,-63,-61,-61,-61,-61,-61,-61,-61,-61,-61,-58,-58,-58,-58,-58,-58,-58,-58,-58,-63,-62,-62,-62,-62,-62,-62,-62,-61,-61,-61,-61,-61,-61,-61,-61,-61,-61,-61,-61,-61,-65,-65,-65,-65,-65,-65,-63,-63,-63,-61,-61,-61,-61,-61,-61,-61,-61,-61,-61,-61,-59,-59,-59,-59,-59,-59,-59,-59,-59,-58,-58,-58,-58,-58,-58,-58,-58,-58,-58,-62,-62,-62,-62,-62,-62,-62,-62,-62,-62,-62,-66,-66,-66,-66,-66,-66,-66,-66,-66,-66,-63,-63,-63,-63,-63,-63,-63,-63,-63,-63,-63,-63,-63,-63,-63,-63,-63,-63,-63,-63,-63,-63,-63,-63,-63,-63,-63,-63,-63,-63,-63,-63,-63,-63,-63,-63,-63,-63,-63,-64,-66,-66,-66,-66,-66,-66,-66,-66,-66,-66,-63,-63,-63,-63,-63,-63,-63,-63,-63,-63,-65,-65,-65,-65,-65,-69,-69,-69,-69,-61,-61,-61,-61,-61,-61,-61,-61,-61,-61,-61,-59,-59,-59,-59,-59,-59,-59,-59,-59,-58,-58,-58,-58,-58,-58,-58,-58,-58,-58,-62,-62,-62,-62,-62,-62,-62,-62,-62,-62,-62,-66,-66,-66,-66,-66,-66,-66,-66,-66,-66,-63,-63,-63,-63,-63,-63,-63,-63,-63,-63,-63,-63,-63,-63,-63,-63,-63,-63,-63,-63,-63,-63,-63,-63,-63,-63,-63,-63,-63,-63,-63,-63,-63,-63,-63,-63,-63,-63,-63,-64,-66,-66,-66,-66,-66,-66,-66,-66,-66,-66,-63,-63,-63,-63,-63,-63,-63,-63,-63,-63,-65,-65,-65,-65,-65,-69,-69,-69,-69
d0:4d:c6:f2:2a:e0,-80,-80,-80,-80,-80,-80,-80,-80,-80,-80,-80,-80,-80,-80,-80,-80,-80,-80,-80,-80,-80,-86,-86,-86,-86,-86,-86,-86,-86,-86,-86,-86,-86,-86,-86,-86,-85,-85,-85,-85,-85,-85,-85,-85,-85,-85,-85,-85,-85,-85,-85,-85,-85,-85,-85,-85,-85,-85,-85,-85,-85,-85,-85,-85,-85,-85,-85,-85,-85,-85,-85,-85,-85,-85
d0:4d:c6:f2:43:a1,-62,-61,-61,-61,-61,-61,-61,-61,-61,-61,-61,-57,-57,-57,-57,-58,-58,-58,-58,-58,-58,-58,-58,-58,-58,-58,-58,-58,-58,-58,-58,-57,-57,-57,-57,-56,-56,-56,-56,-56,-56,-56,-56,-56,-56,-56,-56,-56,-56,-56,-56,-60,-60,-60,-60,-60,-60,-60,-60,-60,-60,-60,-60,-60,-60,-60,-60,-60,-60,-60,-60,-60,-60,-60,-60,-60,-60,-60,-60,-60,-60,-56,-56,-56,-56,-56,-56,-56,-56,-56,-56,-62,-62,-62,-62,-62,-62,-62,-62,-62,-62,-58,-58,-58,-58,-58,-58,-58,-58,-58,-58,-59,-59,-59,-59,-59,-59,-59,-60,-56,-56,-56,-56,-56,-56,-56,-54,-54,-54,-55,-55,-55,-55,-55,-55,-55,-55,-55,-55,-52,-52,-52,-52,-52,-52,-52,-56,-56,-57,-57,-57,-57,-57,-57,-57,-57,-57,-57,-57,-55,-55,-55,-55,-55,-55,-55,-55,-55,-55,-53,-53,-53,-53,-53,-53,-53,-53,-53,-58,-58,-58,-58,-58,-58,-58,-58,-58,-58,-58,-57,-61,-61,-61,-61,-61,-61,-61,-61,-61,-63,-63,-63,-63,-63,-63,-63,-63,-63,-60,-58,-58,-58,-58,-58,-58,-58,-62,-62,-62,-62,-62,-62,-62,-62,-62,-62,-62,-62,-62,-59,-59,-59,-59,-59,-59,-59,-59,-59,-54,-52,-52,-52,-52,-52,-52,-52,-52,-52,-52,-55,-55,-55,-55,-55,-55,-55,-55,-55,-58,-59,-59,-59,-59,-59,-59,-59,-59,-59,-56,-54,-54,-54,-54,-54,-54,-54,-54,-54,-54,-57,-57,-57,-57,-57,-57,-57,-57,-57,-57,-56,-56,-56,-56,-56,-56,-56,-56,-56,-56,-62,-62,-62,-62,-62,-62,-62,-62,-62,-62,-60,-60,-60,-60,-60,-60,-60,-60,-60,-60,-60,-60,-60,-60,-60,-60,-60,-60,-60,-58,-54,-54,-54,-54,-54,-54,-54,-54,-54,-54,-58,-58,-58,-58,-58,-58,-58,-58,-58,-58,-60,-60,-60,-60,-60,-58,-58,-58,-58,-54,-52,-52,-52,-52,-52,-52,-52,-52,-52,-52,-55,-55,-55,-55,-55,-55,-55,-55,-55,-58,-59,-59,-59,-59,-59,-59,-59,-59,-59,-56,-54,-54,-54,-54,-54,-54,-54,-54,-54,-54,-57,-57,-57,-57,-57,-57,-57,-57,-57,-57,-56,-56,-56,-56,-56,-56,-56,-56,-56,-56,-62,-62,-62,-62,-62,-62,-62,-62,-62,-62,-60,-60,-60,-60,-60,-60,-60,-60,-60,-60,-60,-60,-60,-60,-60,-60,-60,-60,-60,-58,-54,-54,-54,-54,-54,-54,-54,-54,-54,-54,-58,-58,-58,-58,-58,-58,-58,-58,-58,-58,-60,-60,-60,-60,-60,-58,-58,-58,-58
1c:28:af:61:e7:c2,-69,-68,-68,-68,-68,-68,-68,-68,-68,-68,-68,-73,-73,-73,-73,-74,-74,-74,-74,-74,-74,-75,-75,-75,-75,-75,-75,-75,-75,-75,-75,-72,-72,-72,-72,-70,-70,-70,-70,-70,-70,-70,-70,-70,-70,-70,-70,-70,-70,-70,-70,-73,-73,-73,-74,-74,-74,-74,-74,-74,-74,-73,-73,-73,-73,-73,-73,-73,-73,-73,-73,-73,-73,-73,-73,-73,-73,-73,-73,-73,-73,-76,-76,-76,-76,-76,-76,-76,-76,-76,-76,-73,-73,-73,-73,-73,-73,-73,-73,-73,-73,-73,-73,-73,-73,-74,-74,-74,-74,-74,-74,-74,-74,-74,-74,-74,-74,-74,-71,-71,-71,-71,-71,-71,-71,-71,-74,-74,-74,-74,-74,-74,-74,-74,-74,-74,-74,-74,-74,-74,-74,-74,-74,-74,-74,-74,-74,-74,-79,-68,-68,-68,-68,-68,-68,-68,-68,-68,-68,-76,-76,-76,-76,-76,-76,-76,-76,-76,-76,-76,-76,-76,-76,-76,-76,-76,-76,-76,-69,-69,-69,-69,-69,-69,-69,-69,-69,-72,-72,-72,-72,-72,-72,-72,-72,-72,-72,-72,-72,-72,-72,-72,-72,-72,-72,-72,-72,-72,-72,-72,-72,-72,-72,-72,-72,-72,-72,-72,-72,-72,-72,-72,-72,-72,-72,-72,-72,-72,-66,-66,-66,-66,-66,-66,-66,-66,-66,-65,-65,-65,-68,-68,-68,-68,-68,-68,-68,-68,-68,-68,-68,-68,-68,-68,-68,-68,-68,-68,-68,-68,-68,-68,-68,-68,-68,-68,-68,-67,-67,-67,-67,-67,-67,-67,-67,-67,-67,-67,-71,-71,-71,-71,-71,-71,-71,-71,-71,-71,-71,-71,-71,-71,-71,-71,-71,-71,-71,-72,-72,-72,-72,-72,-72,-72,-72,-72,-72,-72,-72,-72,-72,-72,-72,-72,-72,-72,-72,-72,-72,-72,-72,-72,-72,-72,-72,-72,-72,-72,-72,-72,-72,-72,-72,-72,-72,-72,-72,-72,-66,-66,-66,-66,-66,-66,-66,-66,-66,-65,-65,-65,-68,-68,-68,-68,-68,-68,-68,-68,-68,-68,-68,-68,-68,-68,-68,-68,-68,-68,-68,-68,-68,-68,-68,-68,-68,-68,-68,-67,-67,-67,-67,-67,-67,-67,-67,-67,-67,-67,-71,-71,-71,-71,-71,-71,-71,-71,-71,-71,-71,-71,-71,-71,-71,-71,-71,-71,-71
d0:4d:c6:f2:43:a2,-63,-61,-61,-61,-61,-61,-61,-61,-61,-61,-61,-57,-57,-57,-57,-57,-57,-57,-57,-57,-57,-57,-57,-57,-57,-57,-57,-57,-57,-57,-57,-57,-57,-57,-57,-56,-56,-56,-56,-56,-56,-56,-56,-56,-56,-56,-56,-56,-56,-56,-56,-60,-60,-60,-60,-60,-60,-60,-60,-60,-60,-60,-60,-60,-60,-60,-60,-60,-60,-60,-60,-59,-59,-59,-59,-59,-59,-59,-59,-59,-59,-56,-56,-56,-56,-56,-56,-56,-56,-56,-56,-62,-62,-62,-62,-62,-62,-62,-62,-62,-62,-58,-58,-58,-58,-58,-58,-58,-58,-58,-58,-58,-58,-58,-58,-58,-58,-58,-60,-56,-56,-56,-56,-56,-56,-56,-54,-54,-54,-55,-55,-55,-55,-55,-55,-55,-55,-55,-55,-52,-52,-52,-52,-52,-52,-52,-56,-56,-57,-57,-57,-57,-57,-57,-57,-57,-57,-57,-57,-56,-56,-56,-56,-56,-56,-56,-56,-56,-56,-52,-52,-52,-52,-52,-52,-52,-52,-52,-57,-57,-57,-57,-57,-57,-57,-57,-57,-57,-57,-57,-61,-61,-61,-61,-61,-61,-61,-61,-61,-63,-63,-63,-63,-63,-63,-63,-63,-63,-60,-57,-57,-57,-57,-57,-57,-57,-61,-61,-61,-61,-61,-61,-61,-61,-61,-61,-61,-61,-61,-59,-59,-59,-59,-59,-59,-59,-59,-59,-54,-52,-52,-52,-52,-52,-52,-52,-52,-52,-52,-55,-55,-55,-55,-55,-55,-55,-55,-55,-58,-59,-59,-59,-59,-59,-59,-59,-59,-59,-56,-54,-54,-54,-54,-54,-54,-54,-54,-54,-54,-58,-58,-58,-58,-58,-58,-58,-58,-58,-58,-56,-56,-56,-56,-56,-56,-56,-56,-56,-56,-62,-62,-62,-62,-62,-62,-62,-62,-62,-62,-60,-60,-60,-60,-60,-60,-60,-60,-60,-60,-60,-60,-60,-60,-60,-60,-60,-60,-60,-58,-54,-54,-54,-54,-54,-54,-54,-54,-54,-54,-58,-58,-58,-58,-58,-58,-58,-58,-58,-58,-61,-61,-61,-61,-61,-60,-60,-60,-60,-54,-52,-52,-52,-52,-52,-52,-52,-52,-52,-52,-55,-55,-55,-55,-55,-55,-55,-55,-55,-58,-59,-59,-59,-59,-59,-59,-59,-59,-59,-56,-54,-54,-54,-54,-54,-54,-54,-54,-54,-54,-58,-58,-58,-58,-58,-58,-58,-58,-58,-58,-56,-56,-56,-56,-56,-56,-56,-56,-56,-56,-62,-62,-62,-62,-62,-62,-62,-62,-62,-62,-60,-60,-60,-60,-60,-60,-60,-60,-60,-60,-60,-60,-60,-60,-60,-60,-60,-60,-60,-58,-54,-54,-54,-54,-54,-54,-54,-54,-54,-54,-58,-58,-58,-58,-58,-58,-58,-58,-58,-58,-61,-61,-61,-61,-61,-60,-60,-60,-60
1c:28:af:61:e7:c1,-69,-68,-68,-68,-68,-68,-68,-68,-68,-68,-68,-68,-68,-68,-68,-68,-68,-68,-68,-68,-68,-68,-68,-68,-68,-68,-68,-68,-68,-68,-68,-74,-74,-74,-74,-74,-74,-74,-74,-74,-74,-73,-73,-73,-73,-73,-73,-73,-73,-73,-73,-73,-73,-73,-73,-73,-73,-73,-73,-73,-73,-76,-76,-76,-76,-76,-76,-76,-76,-76,-76,-73,-73,-73,-73,-73,-73,-73,-73,-73,-73,-73,-73,-73,-73,-74,-74,-74,-74,-74,-74,-74,-74,-74,-74,-74,-74,-74,-77,-77,-77,-77,-77,-77,-77,-77,-77,-77,-77,-77,-77,-77,-77,-77,-77,-77,-77,-77,-81,-81,-79,-68,-68,-68,-68,-68,-68,-68,-68,-68,-68,-68,-68,-68,-68,-68,-68,-68,-68,-68,-68,-68,-68,-68,-68,-68,-68,-68,-68,-68,-73,-73,-73,-73,-73,-73,-73,-73,-73,-73,-73,-73,-81,-81,-81,-81,-81,-81,-81,-81,-81,-81,-81,-73,-73,-73,-72,-72,-72,-72,-72,-72,-72,-72,-72,-72,-72,-72,-72,-72,-72,-72,-72,-72,-72,-72,-72,-68,-68,-68,-68,-68,-68,-68,-68,-68,-68,-66,-66,-66,-66,-66,-66,-66,-66,-66,-64,-64,-64,-68,-68,-68,-68,-68,-68,-68,-68,-68,-68,-68,-68,-68,-68,-68,-68,-68,-68,-68,-68,-68,-68,-68,-68,-68,-68,-68,-67,-67,-67,-67,-67,-67,-67,-67,-67,-67,-67,-71,-71,-71,-71,-71,-71,-71,-71,-71,-71,-71,-71,-71,-71,-71,-71,-71,-71,-71,-72,-72,-72,-72,-72,-72,-72,-72,-72,-72,-72,-72,-72,-72,-72,-72,-72,-72,-72,-72,-72,-68,-68,-68,-68,-68,-68,-68,-68,-68,-68,-66,-66,-66,-66,-66,-66,-66,-66,-66,-64,-64,-64,-68,-68,-68,-68,-68,-68,-68,-68,-68,-68,-68,-68,-68,-68,-68,-68,-68,-68,-68,-68,-68,-68,-68,-68,-68,-68,-68,-67,-67,-67,-67,-67,-67,-67,-67,-67,-67,-67,-71,-71,-71,-71,-71,-71,-71,-71,-71,-71,-71,-71,-71,-71,-71,-71,-71,-71,-71
d0:4d:c6:f2:2a:e1,-70,-70,-70,-70,-70,-70,-70,-70,-70,-70,-70,-85,-85,-85,-85,-85,-85,-85,-85,-85,-85,-85,-85,-85,-85,-85,-85,-85,-85,-85,-85,-85,-85,-85,-85,-85,-85,-85,-85,-84,-84,-84,-84,-84,-84,-84,-84,-84,-84,-84,-84,-84,-84,-84,-84,-84,-84,-84,-84,-84,-84,-84,-84,-84,-84,-84,-84,-84,-84,-84,-84,-84,-84,-84,-84,-84,-84
1c:28:af:65:fd:c0,-76,-76,-76,-76,-76,-76,-76,-76,-76,-76,-76,-76,-76,-76,-76,-76,-76,-76,-76,-76,-76,-76,-76,-76,-76,-76,-76,-76,-76,-76,-76,-76,-76,-76,-76,-76,-76,-76,-76,-76,-76,-76,-76,-76,-76,-76,-76,-76,-76,-76,-76,-76,-76,-76,-76,-76,-74,-74,-74,-74,-74,-74,-74,-74,-74,-74,-74,-74,-74,-74,-74,-74,-74,-74,-74,-74,-74,-74,-74,-74,-74,-74,-74,-74,-74,-74,-71,-71,-71,-71,-71,-71,-71,-71,-71,-71,-71,-71,-71,-71,-71,-71,-71,-77,-77,-77,-77,-77,-77,-77,-77,-77,-77,-77,-77,-77,-77,-77,-77,-77,-77,-77,-77,-77,-77,-86,-77,-77,-77,-77,-77,-77,-77,-77,-77,-77,-77,-77,-77,-77,-77,-77,-77,-77,-77,-71,-71,-71,-71,-71,-71,-71,-71,-71,-71,-71,-71,-71,-71,-71,-71,-71,-71,-71,-71,-71,-72,-72,-72,-72,-72,-72,-72,-71,-71,-71,-71,-71,-71,-71,-71,-71,-71,-71,-71,-71,-71,-71,-71,-71,-71,-71,-71,-71,-71,-76,-76,-76,-76,-76,-76,-76,-76,-76,-76,-76,-76,-76,-76,-76,-76,-76,-76,-76,-76,-76,-76,-76,-76,-76,-76
1c:28:af:61:df:01,-88,-88,-88,-88,-88,-88,-88,-88,-88,-88,-88,-88,-88,-88,-88,-88,-88,-88,-88,-88,-88,-88,-88,-88,-88,-88,-88,-88,-88,-88,-88
d0:4d:c6:f1:af:e2,-84,-84,-84,-84,-84,-84,-84,-84,-84,-84,-84,-84,-84,-84,-84
1c:28:af:61:e7:c0,-69,-68,-68,-68,-68,-68,-68,-68,-68,-68,-68,-68,-68,-68,-68,-68,-68,-68,-68,-68,-68,-68,-68,-68,-68,-68,-68,-68,-68,-68,-68,-71,-71,-71,-71,-71,-71,-71,-71,-71,-71,-71,-71,-71,-71,-71,-71,-73,-73,-73,-74,-74,-74,-74,-74,-74,-74,-73,-73,-73,-73,-73,-73,-73,-73,-73,-73,-73,-73,-73,-73,-73,-73,-73,-73,-73,-73,-76,-76,-76,-76,-76,-76,-76,-76,-76,-76,-73,-73,-73,-73,-73,-73,-73,-73,-73,-73,-74,-74,-74,-74,-74,-74,-74,-74,-74,-74,-74,-74,-74,-74,-74,-74,-74,-78,-78,-78,-78,-78,-78,-78,-78,-78,-78,-78,-78,-78,-78,-78,-78,-78,-78,-78,-78,-82,-82,-80,-68,-68,-68,-68,-68,-68,-68,-68,-68,-68,-76,-76,-76,-76,-76,-76,-76,-76,-76,-76,-76,-76,-76,-76,-76,-76,-76,-76,-76,-82,-82,-82,-82,-82,-82,-82,-82,-82,-82,-82,-73,-73,-73,-73,-73,-73,-73,-73,-73,-73,-73,-73,-73,-73,-73,-73,-73,-73,-73,-73,-73,-73,-73,-73,-73,-73,-73,-73,-73,-73,-65,-65,-65,-65,-65,-65,-65,-65,-65,-65,-65,-67,-67,-67,-67,-67,-67,-67,-67,-67,-67,-66,-66,-66,-66,-66,-66,-66,-66,-66,-64,-64,-64,-68,-68,-68,-68,-68,-68,-68,-68,-67,-67,-67,-67,-67,-67,-67,-67,-67,-67,-67,-67,-67,-67,-67,-67,-67,-67,-67,-67,-67,-67,-67,-67,-67,-73,-73,-73,-73,-73,-73,-73,-73,-73,-73,-71,-71,-71,-71,-71,-71,-71,-71,-71,-73,-73,-73,-73,-73,-73,-73,-73,-73,-73,-73,-73,-73,-73,-73,-73,-73,-73,-73,-73,-73,-73,-73,-73,-73,-73,-73,-73,-73,-73,-65,-65,-65,-65,-65,-65,-65,-65,-65,-65,-65,-67,-67,-67,-67,-67,-67,-67,-67,-67,-67,-66,-66,-66,-66,-66,-66,-66,-66,-66,-64,-64,-64,-68,-68,-68,-68,-68,-68,-68,-68,-67,-67,-67,-67,-67,-67,-67,-67,-67,-67,-67,-67,-67,-67,-67,-67,-67,-67,-67,-67,-67,-67,-67,-67,-67,-73,-73,-73,-73,-73,-73,-73,-73,-73,-73,-71,-71,-71,-71,-71,-71,-71,-71,-71
d0:4d:c6:f2:34:e0,-81
1c:28:af:62:7c:c2,-73,-73,-73,-73,-73,-73,-73,-73,-73,-73,-73,-73,-73,-73,-73,-83,-83,-83,-83,-83,-83,-83,-83,-83,-83,-83,-83,-83,-83,-83,-83,-83,-83,-83,-83,-83,-83,-83,-83,-83,-83,-83,-83,-83,-83
d0:4d:c6:f2:34:e2,-82,-82,-82,-82,-82,-82,-82,-82,-82,-82,-82,-82,-82,-82,-82
1c:28:af:61:df:02,-82
d0:4d:c6:f2:34:e1,-82,-82,-82,-82,-82,-82,-82,-82,-82,-82,-82,-82,-82,-82,-82,-87,-87,-87,-87,-87,-87,-87,-87,-87,-87,-87,-87,-87,-87,-87,-87,-87,-87,-87,-87,-87,-87,-87,-87,-87,-87,-87,-87,-87,-87,-87,-87,-87,-87,-87,-87,-87,-87,-87,-87
d0:4d:c6:f2:50:82,-71,-72,-72,-72,-72,-72,-72,-72,-72,-72,-72,-73,-73,-73,-73,-71,-71,-71,-71,-71,-71,-69,-69,-69,-69,-69,-69,-69,-69,-69,-69,-72,-72,-72,-72,-70,-70,-70,-70,-70,-70,-70,-70,-70,-70,-70,-70,-70,-70,-70,-70,-68,-68,-68,-68,-68,-68,-68,-68,-68,-68,-67,-67,-67,-67,-67,-67,-67,-67,-67,-67,-74,-74,-74,-74,-74,-74,-74,-74,-74,-74,-70,-70,-70,-70,-69,-69,-69,-69,-69,-69,-67,-67,-67,-67,-67,-67,-67,-67,-67,-67,-66,-66,-66,-66,-66,-66,-66,-66,-66,-66,-66,-66,-66,-66,-66,-66,-66,-71,-71,-71,-71,-71,-71,-71,-71,-70,-70,-70,-70,-70,-70,-70,-70,-70,-70,-70,-70,-70,-70,-70,-70,-70,-70,-70,-70,-70,-70,-69,-69,-69,-69,-69,-69,-69,-69,-69,-69,-69,-69,-69,-69,-69,-68,-68,-68,-68,-68,-68,-68,-68,-68,-68,-68,-68,-68,-68,-68,-73,-74,-74,-74,-74,-74,-74,-74,-74,-74,-74,-70,-70,-70,-70,-70,-70,-70,-70,-70,-70,-72,-72,-72,-72,-72,-72,-72,-72,-72,-71,-68,-68,-68,-68,-68,-68,-68,-69,-69,-69,-69,-69,-69,-69,-69,-69,-69,-69,-69,-69,-73,-73,-73,-73,-73,-73,-71,-71,-71,-78,-71,-71,-71,-71,-71,-71,-71,-71,-71,-71,-70,-70,-70,-70,-70,-70,-70,-70,-70,-73,-73,-73,-73,-73,-73,-73,-73,-73,-73,-68,-66,-66,-66,-66,-66,-66,-66,-66,-66,-66,-66,-66,-66,-66,-66,-66,-66,-66,-66,-68,-67,-67,-67,-67,-67,-67,-67,-67,-67,-69,-69,-69,-71,-71,-71,-71,-71,-71,-71,-71,-69,-69,-69,-69,-69,-69,-69,-69,-69,-69,-69,-69,-69,-69,-69,-69,-69,-69,-69,-69,-69,-69,-69,-69,-69,-69,-69,-69,-69,-69,-69,-69,-69,-69,-69,-69,-69,-69,-69,-69,-73,-73,-73,-73,-73,-71,-71,-71,-71,-78,-71,-71,-71,-71,-71,-71,-71,-71,-71,-71,-70,-70,-70,-70,-70,-70,-70,-70,-70,-73,-73,-73,-73,-73,-73,-73,-73,-73,-73,-68,-66,-66,-66,-66,-66,-66,-66,-66,-66,-66,-66,-66,-66,-66,-66,-66,-66,-66,-66,-68,-67,-67,-67,-67,-67,-67,-67,-67,-67,-69,-69,-69,-71,-71,-71,-71,-71,-71,-71,-71,-69,-69,-69,-69,-69,-69,-69,-69,-69,-69,-69,-69,-69,-69,-69,-69,-69,-69,-69,-69,-69,-69,-69,-69,-69,-69,-69,-69,-69,-69,-69,-69,-69,-69,-69,-69,-69,-69,-69,-69,-73,-73,-73,-73,-73,-71,-71,-71,-71
d0:4d:c6:f2:50:81,-71,-71,-71,-71,-71,-71,-71,-71,-71,-71,-71,-74,-74,-74,-74,-71,-71,-71,-71,-71,-71,-69,-69,-69,-69,-69,-69,-69,-69,-69,-69,-72,-72,-72,-72,-70,-70,-70,-70,-70,-70,-70,-70,-70,-70,-70,-70,-70,-70,-70,-70,-68,-68,-68,-68,-68,-68,-68,-68,-68,-68,-67,-67,-67,-67,-67,-67,-67,-67,-67,-67,-72,-72,-72,-72,-72,-72,-72,-72,-72,-72,-69,-69,-69,-69,-68,-68,-68,-68,-68,-68,-67,-67,-67,-67,-67,-67,-67,-67,-67,-67,-66,-66,-66,-66,-66,-66,-66,-66,-66,-66,-66,-66,-66,-66,-66,-66,-66,-71,-71,-71,-71,-71,-71,-71,-71,-71,-71,-71,-71,-71,-71,-71,-71,-71,-71,-71,-71,-71,-70,-70,-70,-70,-70,-70,-70,-70,-70,-70,-70,-70,-70,-70,-70,-69,-69,-69,-69,-69,-69,-69,-69,-69,-69,-69,-69,-69,-69,-69,-73,-74,-74,-74,-74,-74,-74,-74,-74,-74,-74,-70,-70,-70,-70,-70,-70,-70,-70,-70,-70,-72,-72,-72,-72,-72,-72,-72,-72,-72,-72,-72,-72,-72,-72,-72,-72,-72,-70,-70,-70,-70,-70,-70,-70,-70,-70,-70,-70,-70,-70,-70,-70,-70,-70,-70,-70,-70,-70,-70,-74,-70,-70,-70,-70,-70,-70,-70,-70,-70,-70,-70,-70,-70,-70,-70,-70,-70,-70,-70,-73,-72,-72,-72,-72,-72,-72,-72,-72,-72,-68,-66,-66,-66,-66,-66,-66,-66,-66,-66,-66,-66,-66,-66,-66,-66,-66,-66,-66,-66,-66,-66,-66,-66,-66,-66,-66,-66,-66,-66,-69,-69,-69,-70,-70,-70,-70,-70,-70,-70,-70,-69,-69,-69,-69,-69,-69,-69,-69,-69,-69,-69,-69,-69,-69,-69,-69,-69,-69,-69,-69,-68,-68,-68,-68,-68,-68,-68,-68,-68,-68,-69,-69,-69,-69,-69,-69,-69,-69,-69,-69,-69,-69,-69,-69,-69,-69,-69,-69,-69,-74,-70,-70,-70,-70,-70,-70,-70,-70,-70,-70,-70,-70,-70,-70,-70,-70,-70,-70,-70,-73,-72,-72,-72,-72,-72,-72,-72,-72,-72,-68,-66,-66,-66,-66,-66,-66,-66,-66,-66,-66,-66,-66,-66,-66,-66,-66,-66,-66,-66,-66,-66,-66,-66,-66,-66,-66,-66,-66,-66,-69,-69,-69,-70,-70,-70,-70,-70,-70,-70,-70,-69,-69,-69,-69,-69,-69,-69,-69,-69,-69,-69,-69,-69,-69,-69,-69,-69,-69,-69,-69,-68,-68,-68,-68,-68,-68,-68,-68,-68,-68,-69,-69,-69,-69,-69,-69,-69,-69,-69,-69,-69,-69,-69,-69,-69,-69,-69,-69,-69
1c:28:af:62:7c:c1,-84,-84,-84,-84,-84,-84,-84,-84,-84,-84,-84,-84,-84,-84,-84,-84,-84,-84,-84,-84,-84,-84,-84,-84,-84,-84,-84,-84,-84,-84,-87,-87,-87,-87,-87,-87,-87,-87,-87,-87,-87,-87,-87,-87,-87,-87,-87
d0:4d:c6:f2:50:80,-72,-72,-72,-72,-72,-72,-72,-72,-72,-72,-72,-74,-74,-74,-74,-71,-71,-71,-71,-71,-71,-71,-71,-71,-71,-71,-71,-71,-71,-71,-71,-72,-72,-72,-72,-70,-70,-70,-70,-70,-70,-69,-69,-69,-69,-69,-69,-69,-69,-69,-69,-68,-68,-68,-68,-68,-68,-68,-68,-68,-68,-67,-67,-67,-67,-67,-67,-67,-67,-67,-67,-73,-73,-73,-73,-73,-73,-73,-73,-73,-73,-69,-69,-69,-69,-69,-69,-69,-69,-69,-69,-67,-67,-67,-67,-67,-67,-67,-67,-67,-67,-66,-66,-66,-66,-66,-66,-66,-66,-66,-66,-66,-66,-66,-66,-66,-66,-66,-71,-71,-71,-71,-71,-71,-71,-71,-71,-71,-71,-70,-70,-70,-70,-70,-70,-70,-70,-70,-70,-70,-70,-70,-70,-70,-70,-70,-70,-70,-70,-70,-70,-70,-70,-70,-70,-70,-70,-70,-70,-70,-70,-70,-70,-69,-69,-69,-69,-69,-69,-69,-69,-69,-69,-69,-69,-69,-69,-69,-75,-75,-75,-75,-75,-75,-75,-75,-75,-75,-75,-71,-71,-71,-71,-71,-71,-71,-71,-71,-71,-72,-72,-72,-72,-72,-72,-72,-72,-72,-70,-68,-68,-68,-68,-68,-68,-68,-69,-69,-69,-69,-69,-69,-69,-69,-69,-69,-69,-69,-69,-69,-69,-69,-69,-69,-69,-69,-69,-69,-74,-70,-70,-70,-70,-70,-70,-70,-70,-70,-70,-70,-70,-70,-70,-70,-70,-70,-70,-70,-70,-72,-72,-72,-72,-72,-72,-72,-72,-72,-68,-66,-66,-66,-66,-66,-66,-66,-66,-66,-66,-66,-66,-66,-66,-66,-66,-66,-66,-66,-67,-67,-67,-67,-67,-67,-67,-67,-67,-67,-69,-69,-69,-70,-70,-70,-70,-70,-70,-70,-70,-69,-69,-69,-69,-69,-69,-69,-69,-69,-69,-69,-69,-69,-69,-69,-69,-69,-69,-69,-70,-69,-69,-69,-69,-69,-69,-69,-69,-69,-69,-69,-69,-69,-69,-69,-69,-69,-69,-69,-69,-69,-69,-69,-69,-69,-70,-70,-70,-70,-74,-70,-70,-70,-70,-70,-70,-70,-70,-70,-70,-70,-70,-70,-70,-70,-70,-70,-70,-70,-70,-72,-72,-72,-72,-72,-72,-72,-72,-72,-68,-66,-66,-66,-66,-66,-66,-66,-66,-66,-66,-66,-66,-66,-66,-66,-66,-66,-66,-66,-67,-67,-67,-67,-67,-67,-67,-67,-67,-67,-69,-69,-69,-70,-70,-70,-70,-70,-70,-70,-70,-69,-69,-69,-69,-69,-69,-69,-69,-69,-69,-69,-69,-69,-69,-69,-69,-69,-69,-69,-70,-69,-69,-69,-69,-69,-69,-69,-69,-69,-69,-69,-69,-69,-69,-69,-69,-69,-69,-69,-69,-69,-69,-69,-69,-69,-70,-70,-70,-70
1c:28:af:62:7c:c0,-84,-84,-84,-84,-84,-84,-84,-84,-84,-84,-84,-84,-84,-84,-84,-84,-84,-84,-84,-84,-84,-84,-84,-84,-84,-84,-84,-84,-84,-84,-88,-88,-88,-88,-88,-88,-88,-88,-88,-88,-88,-88,-88,-88,-88,-88,-88
1c:28:af:65:fd:c2,-76,-76,-76,-76,-76,-76,-76,-76,-76,-76,-76,-76,-76,-76,-76,-76,-76,-76,-76,-76,-76,-76,-76,-76,-76,-76,-76,-76,-76,-76,-76,-76,-76,-76,-76,-76,-76,-76,-76,-76,-76,-76,-76,-76,-76,-76,-76,-76,-76,-76,-76,-76,-76,-76,-76,-76,-76,-76,-76,-76,-75,-75,-75,-75,-75,-75,-75,-75,-75,-75,-75,-75,-75,-75,-75,-75,-75,-75,-75,-75,-75,-75,-75,-75,-75,-75,-75,-75,-75,-75,-71,-71,-71,-71,-71,-71,-71,-71,-71,-71,-71,-71,-71,-71,-71,-71,-71,-77,-77,-77,-78,-78,-78,-78,-78,-78,-78,-78,-78,-78,-78,-78,-78,-78,-78,-78,-78,-78,-78,-76,-76,-76,-76,-76,-76,-76,-76,-76,-76,-76,-76,-76,-76,-76,-76,-76,-76,-76,-76,-76,-76,-76,-76,-76,-76,-76,-76,-76,-76,-72,-72,-72,-72,-72,-72,-72,-72,-72,-72,-72,-72,-72,-72,-72,-72,-72,-72,-72,-72,-72,-80,-73,-73,-73,-73,-73,-73,-73,-72,-72,-72,-72,-72,-72,-72,-72,-72,-72,-72,-72,-72,-72,-72,-72,-72,-72,-72,-71,-71,-71,-76,-76,-76,-76,-76,-76,-76,-76,-76,-76,-76,-76,-76,-76,-76,-76,-76,-76,-76,-76,-76,-76,-76,-76,-76,-76
1c:28:af:65:fd:c1,-68,-68,-68,-68,-68,-68,-68,-68,-68,-68,-68,-76,-76,-76,-76,-76,-76,-76,-76,-76,-76,-76,-76,-76,-76,-76,-76,-76,-76,-76,-76,-79,-79,-79,-79,-79,-79,-79,-79,-79,-79,-79,-79,-79,-79,-79,-79,-76,-76,-76,-76,-76,-76,-76,-76,-76,-76,-76,-76,-76,-76,-76,-76,-76,-76,-76,-76,-74,-74,-74,-74,-74,-74,-74,-74,-74,-74,-74,-74,-74,-74,-74,-74,-74,-74,-74,-74,-74,-74,-74,-74,-74,-74,-74,-74,-74,-74,-71,-71,-71,-71,-71,-71,-71,-71,-71,-71,-71,-71,-71,-71,-71,-71,-71,-79,-79,-79,-79,-79,-79,-79,-79,-78,-78,-78,-78,-78,-78,-78,-78,-78,-78,-78,-78,-78,-78,-78,-78,-78,-78,-78,-78,-78,-78,-75,-75,-75,-75,-75,-75,-75,-75,-75,-75,-75,-76,-76,-76,-76,-76,-76,-76,-76,-76,-76,-76,-76,-76,-76,-76,-76,-76,-76,-76,-71,-71,-71,-71,-71,-71,-71,-71,-71,-71,-71,-71,-71,-71,-71,-71,-71,-71,-71,-71,-71,-80,-73,-73,-73,-73,-73,-73,-73,-71,-71,-71,-71,-71,-71,-71,-71,-71,-71,-71,-71,-71,-71,-71,-71,-71,-71,-71,-71,-71,-71,-76,-76,-76,-76,-76,-76,-76,-76,-76,-76,-76,-76,-76,-76,-76,-76,-76,-76,-76,-76,-76,-76,-76,-76,-76,-76
d0:4d:c6:f2:08:20,-82,-82,-82,-82,-82,-82,-82,-82,-82,-82,-82,-82,-82,-82,-82,-77,-77,-77,-77,-77,-77,-77,-77,-77,-77,-77,-77,-77,-77,-77,-77,-77,-77,-77,-77,-77,-77,-77,-77,-77,-77,-77,-77,-77,-77,-78,-78,-78,-78,-78,-78,-78,-78,-78,-78,-81,-81,-81,-81,-77,-77,-77,-77,-77,-77,-77,-77,-77,-77,-77,-77,-77,-77,-77,-77,-77,-77,-77,-77,-77,-77,-77,-77,-77,-77,-77,-77,-77,-77,-77,-77,-77,-80,-80,-80,-80,-80,-80,-80,-80,-80,-80,-80,-81,-81,-81,-81,-81,-81,-81,-81,-81,-81,-81,-81,-81,-81,-81,-81,-81,-81,-81,-76,-77,-77,-77,-77,-77,-77,-77,-77,-77,-77,-77,-77,-77,-77,-77,-77,-77,-77,-77,-77,-79,-79,-79,-79,-79,-79,-79,-79,-79,-78,-78,-78,-78,-78,-78,-78,-78,-78,-78,-78,-78,-78,-78,-78,-78,-78,-78,-78,-78,-78,-80,-80,-80,-80,-80,-80,-80,-80,-80,-81,-80,-80,-80,-80,-80,-80,-80,-77,-77,-77,-77,-77,-77,-77,-77,-77,-77,-77,-77,-77,-77,-77,-77,-77,-77,-77,-77,-77,-77,-74,-74,-74,-74,-74,-74,-74,-74,-74,-74,-74,-74,-74,-74,-74,-74,-74,-74,-74,-74,-80,-80,-80,-80,-80,-80,-80,-80,-80,-80,-80,-81,-81,-81,-81,-81,-81,-81,-81,-81,-81,-81,-81,-81,-81,-81,-81,-81,-81,-81,-81,-81,-81,-81,-81,-81,-81,-81,-81,-81,-81,-81,-81,-81,-81,-81,-81,-81,-81,-81,-81,-74,-74,-74,-74,-74,-74,-74,-74,-74,-74,-74,-74,-74,-74,-74,-74,-74,-74,-74,-74,-80,-80,-80,-80,-80,-80,-80,-80,-80,-80,-80,-81,-81,-81,-81,-81,-81,-81,-81,-81,-81,-81,-81,-81,-81,-81,-81,-81,-81,-81,-81,-81,-81,-81,-81,-81,-81,-81,-81,-81,-81,-81,-81,-81,-81,-81,-81,-81,-81,-81,-81
d0:4d:c6:f2:5d:42,-83,-83,-83,-83,-83,-83,-83,-83,-83,-83,-83,-83,-83,-83,-83,-83,-83,-83,-83,-83,-80,-80,-80,-80,-80,-80,-80,-80,-80,-80,-80,-80,-80,-80,-80,-80,-80,-80,-80,-80,-80,-80,-80,-80,-80,-80,-80,-80,-80,-80,-80,-80,-80,-80,-80,-80,-80,-80,-80,-80,-80,-80,-80,-80,-80,-80,-82,-82,-82,-82,-82,-82,-82,-82,-82,-82,-82,-82,-82,-82,-82,-82,-82,-82,-82,-82,-82,-78,-78,-78,-78,-78,-78,-78,-78,-78,-78,-78,-81,-81,-81,-81,-81,-81,-81,-81,-81,-81,-81,-81,-81,-81,-81,-81,-81,-81,-81,-83,-83,-83,-83,-83,-83,-83,-83,-83,-83,-83,-81,-81,-81,-81,-81,-81,-81,-81,-81,-81,-81,-81,-81,-81,-81,-81,-81,-81,-81,-83,-83,-83,-83,-83,-83,-83,-83,-83,-72,-72,-72,-72,-72,-72,-72,-72,-72,-72,-72,-78,-78,-78,-78,-78,-78,-78,-78,-78,-81,-81,-81,-81,-81,-81,-81,-81,-81,-81,-81,-81,-81,-81,-81,-81,-81,-81,-81,-81,-81,-81,-81,-81,-81,-81,-81,-81,-81,-81,-78,-76,-76,-76,-76,-76,-76,-76,-76,-76,-76,-79,-79,-79,-79,-79,-79,-79,-79,-79,-79,-79,-79,-79,-79,-79,-79,-79,-79,-79,-79,-83,-83,-83,-83,-83,-83,-83,-83,-83,-83,-83,-83,-83,-83,-83,-82,-82,-82,-82,-72,-72,-72,-72,-72,-72,-72,-72,-72,-72,-72,-78,-78,-78,-78,-78,-78,-78,-78,-78,-81,-81,-81,-81,-81,-81,-81,-81,-81,-81,-81,-81,-81,-81,-81,-81,-81,-81,-81,-81,-81,-81,-81,-81,-81,-81,-81,-81,-81,-81,-78,-76,-76,-76,-76,-76,-76,-76,-76,-76,-76,-79,-79,-79,-79,-79,-79,-79,-79,-79,-79,-79,-79,-79,-79,-79,-79,-79,-79,-79,-79,-83,-83,-83,-83,-83,-83,-83,-83,-83,-83,-83,-83,-83,-83,-83,-82,-82,-82,-82
d0:4d:c6:f2:08:21,-82,-81,-81,-81,-81,-81,-81,-81,-81,-81,-81,-81,-81,-81,-81,-81,-81,-81,-81,-81,-81,-77,-77,-77,-77,-77,-77,-77,-77,-77,-77,-77,-77,-77,-77,-76,-76,-76,-76,-76,-76,-76,-76,-76,-76,-76,-76,-76,-76,-76,-76,-76,-76,-76,-76,-76,-76,-76,-76,-76,-76,-79,-79,-79,-79,-79,-79,-79,-79,-79,-79,-81,-81,-81,-81,-77,-77,-77,-77,-77,-77,-77,-77,-77,-77,-77,-77,-77,-77,-77,-77,-78,-78,-78,-78,-78,-78,-78,-78,-78,-78,-78,-78,-78,-78,-78,-78,-78,-80,-80,-80,-80,-80,-80,-80,-80,-80,-80,-80,-80,-80,-80,-80,-80,-80,-80,-80,-80,-80,-80,-80,-80,-80,-80,-80,-80,-81,-81,-78,-78,-78,-78,-78,-78,-78,-78,-78,-78,-78,-78,-78,-78,-78,-77,-77,-77,-77,-77,-77,-79,-79,-79,-79,-79,-79,-79,-79,-79,-87,-87,-87,-87,-87,-87,-87,-87,-87,-87,-87,-87,-87,-87,-87,-87,-87,-87,-87,-87,-82,-82,-82,-82,-82,-82,-82,-82,-82,-81,-79,-79,-79,-79,-79,-79,-79,-78,-78,-78,-78,-78,-78,-78,-78,-78,-78,-78,-78,-78,-78,-78,-78,-78,-78,-78,-78,-78,-78,-74,-74,-74,-74,-74,-74,-74,-74,-74,-74,-74,-74,-74,-74,-74,-74,-74,-74,-74,-74,-80,-80,-80,-80,-80,-80,-80,-80,-80,-80,-80,-80,-80,-80,-80,-80,-80,-80,-80,-80,-80,-77,-77,-77,-77,-77,-77,-77,-77,-77,-77,-77,-77,-77,-77,-77,-77,-77,-77,-77,-77,-77,-79,-79,-79,-79,-79,-79,-79,-79,-79,-79,-79,-79,-79,-79,-79,-79,-79,-79,-79,-79,-74,-74,-74,-74,-74,-74,-74,-74,-74,-74,-74,-74,-74,-74,-74,-74,-74,-74,-74,-74,-80,-80,-80,-80,-80,-80,-80,-80,-80,-80,-80,-80,-80,-80,-80,-80,-80,-80,-80,-80,-80,-77,-77,-77,-77,-77,-77,-77,-77,-77,-77,-77,-77,-77,-77,-77,-77,-77,-77,-77,-77,-77,-79,-79,-79,-79,-79,-79,-79,-79,-79,-79,-79,-79,-79,-79,-79,-79,-79,-79,-79,-79
d0:4d:c6:f2:5d:41,-83,-83,-83,-83,-83,-83,-83,-83,-83,-83,-83,-83,-83,-83,-83,-83,-83,-83,-83,-83,-79,-79,-79,-79,-79,-79,-79,-79,-79,-79,-79,-79,-79,-79,-79,-79,-79,-79,-79,-79,-79,-79,-79,-79,-79,-79,-78,-78,-78,-78,-78,-78,-78,-78,-78,-78,-78,-78,-78,-78,-78,-78,-78,-78,-78,-78,-78,-82,-82,-82,-82,-82,-82,-82,-82,-82,-82,-82,-82,-82,-82,-82,-82,-82,-82,-82,-82,-72,-72,-72,-72,-72,-72,-72,-72,-72,-72,-72,-72,-72,-72,-72,-72,-72,-72,-72,-72,-72,-81,-78,-78,-78,-78,-78,-78,-78,-78,-78,-78,-78,-78,-78,-78,-78,-78,-78,-78,-78,-78,-78,-78,-78,-78,-78,-78,-78,-78,-78,-79,-79,-79,-79,-79,-79,-79,-79,-79,-79,-79,-79,-79,-79,-79,-79,-79,-79,-79,-79,-79,-72,-72,-72,-72,-72,-72,-72,-72,-72,-72,-72,-72,-72,-72,-72,-72,-72,-72,-72,-72,-72,-81,-78,-78,-78,-78,-78,-78,-78,-78,-78,-78,-78,-78,-78,-78,-78,-78,-78,-78,-78,-78,-78,-78,-78,-78,-78,-78,-78,-78,-78,-79,-79,-79,-79,-79,-79,-79,-79,-79,-79,-79,-79,-79,-79,-79,-79,-79,-79,-79,-79,-79
d0:4d:c6:f2:08:22,-75,-79,-79,-79,-79,-79,-79,-79,-79,-79,-79,-78,-78,-78,-78,-78,-78,-78,-78,-78,-78,-77,-77,-77,-77,-77,-77,-77,-77,-77,-77,-79,-79,-79,-79,-76,-76,-76,-76,-76,-76,-77,-77,-77,-77,-77,-77,-77,-77,-77,-77,-77,-77,-77,-77,-77,-77,-77,-77,-77,-77,-77,-77,-77,-77,-77,-77,-77,-77,-77,-77,-78,-78,-78,-78,-78,-78,-78,-78,-78,-78,-78,-78,-78,-78,-78,-78,-78,-78,-78,-78,-78,-78,-78,-78,-78,-78,-78,-78,-78,-78,-78,-78,-78,-78,-78,-78,-78,-78,-78,-78,-77,-77,-77,-77,-77,-77,-77,-80,-80,-80,-80,-80,-80,-80,-80,-83,-83,-83,-81,-81,-81,-81,-81,-81,-81,-81,-81,-81,-80,-80,-80,-80,-80,-80,-80,-81,-81,-78,-77,-77,-77,-77,-77,-77,-77,-77,-77,-77,-78,-78,-78,-78,-76,-76,-76,-76,-76,-76,-79,-79,-79,-79,-79,-79,-79,-79,-79,-77,-84,-84,-84,-84,-84,-84,-84,-84,-84,-84,-79,-79,-79,-79,-79,-79,-79,-79,-79,-79,-79,-79,-79,-79,-79,-79,-79,-79,-79,-81,-80,-80,-80,-80,-80,-80,-80,-77,-77,-77,-77,-77,-77,-77,-77,-77,-77,-77,-77,-77,-77,-77,-77,-77,-77,-77,-77,-77,-77,-76,-76,-76,-76,-76,-76,-76,-76,-76,-76,-76,-81,-81,-81,-81,-81,-81,-81,-81,-81,-80,-80,-80,-80,-80,-80,-80,-80,-80,-80,-80,-79,-79,-79,-79,-79,-79,-79,-79,-79,-79,-78,-78,-78,-78,-78,-78,-78,-78,-78,-77,-77,-77,-77,-77,-77,-77,-77,-77,-77,-77,-80,-80,-80,-80,-80,-80,-80,-80,-80,-80,-76,-76,-76,-76,-76,-76,-76,-76,-76,-76,-79,-79,-79,-79,-79,-79,-79,-79,-79,-79,-79,-79,-79,-79,-79,-80,-80,-80,-80,-80,-81,-81,-81,-81,-81,-81,-81,-81,-81,-81,-81,-81,-81,-81,-81,-81,-81,-81,-81,-76,-76,-76,-76,-76,-76,-76,-76,-76,-76,-76,-81,-81,-81,-81,-81,-81,-81,-81,-81,-80,-80,-80,-80,-80,-80,-80,-80,-80,-80,-80,-79,-79,-79,-79,-79,-79,-79,-79,-79,-79,-78,-78,-78,-78,-78,-78,-78,-78,-78,-77,-77,-77,-77,-77,-77,-77,-77,-77,-77,-77,-80,-80,-80,-80,-80,-80,-80,-80,-80,-80,-76,-76,-76,-76,-76,-76,-76,-76,-76,-76,-79,-79,-79,-79,-79,-79,-79,-79,-79,-79,-79,-79,-79,-79,-79,-80,-80,-80,-80,-80,-81,-81,-81,-81,-81,-81,-81,-81,-81,-81,-81,-81,-81,-81,-81,-81,-81,-81,-81
d0:4d:c6:f2:5d:40,-80,-80,-80,-80,-80,-80,-80,-80,-80,-80,-80,-80,-80,-80,-80,-80,-80,-80,-80,-80,-80,-80,-80,-80,-80,-80,-80,-80,-80,-80,-80,-80,-80,-80,-80,-80,-80,-80,-80,-80,-80,-80,-80,-80,-80,-80,-81,-81,-81,-81,-81,-81,-81,-81,-81,-81,-81,-81,-81,-81,-81,-81,-81,-81,-81,-81,-81,-81,-81,-81,-81,-81,-81,-73,-81,-81,-81,-81,-81,-81,-81,-81,-81,-81,-81,-81,-81,-81,-81,-81,-81,-81,-81,-81,-81,-81,-81,-81,-81,-81,-81,-81,-81,-72,-81,-81,-81,-81,-81,-81,-81,-81,-81,-81,-81,-81,-81,-81,-81,-81,-81,-81,-81,-79,-79,-79,-79,-79,-79,-79,-79,-79,-79,-79,-79,-79,-79,-79,-79,-79,-79,-79,-79,-79,-82,-82,-82,-82,-82,-82,-82,-82,-82,-82,-82,-82,-82,-82,-82,-82,-82,-82,-82,-82,-82,-72,-81,-81,-81,-81,-81,-81,-81,-81,-81,-81,-81,-81,-81,-81,-81,-81,-81,-81,-81,-79,-79,-79,-79,-79,-79,-79,-79,-79,-79,-79,-79,-79,-79,-79,-79,-79,-79,-79,-79,-79,-82,-82,-82,-82,-82,-82,-82,-82,-82,-82,-82,-82,-82,-82,-82,-82,-82,-82,-82,-82,-82
1c:28:af:65:d1:62,-80,-87,-87,-87,-87,-87,-87,-87,-87
1c:28:af:65:d1:61,-82,-82,-82,-82,-82,-82,-82,-82,-82,-82,-82,-82,-82,-82,-82,-86,-86,-86,-86,-86,-86,-86,-86
1c:28:af:65:ba:40,-71,-71,-71,-71,-71,-71,-71,-71,-71,-71,-71,-81,-81,-81,-81,-81,-81,-81,-81,-81,-81,-81,-81,-81,-81,-82,-82,-82,-82,-82,-82,-82,-82,-82,-82,-82,-82,-82,-82,-82,-82,-86,-86,-86,-86,-82,-82,-82,-82,-82,-82,-82,-82,-82,-82,-82,-82,-82,-85,-81,-81,-81,-81,-81,-81,-81,-81,-81,-81,-81,-81,-81,-81,-81,-81,-81,-81,-81,-81,-81,-81,-81,-81,-81,-81,-81,-81,-81,-82,-82,-82,-82,-82,-82,-82,-82,-82,-82,-82,-82,-82,-82,-82,-82,-82,-82,-82,-82,-82,-80,-80,-80,-80,-80,-80,-80,-80,-80,-81,-81,-81,-81,-81,-81,-81,-81,-81,-81,-81,-81,-81,-81,-81,-81,-81,-81,-81,-81,-81,-81,-81,-81,-81,-81,-81,-81,-81,-82,-82,-82,-82,-82,-82,-82,-82,-82,-82,-82,-82,-82,-82,-82,-82,-82,-82,-82,-82,-82,-80,-80,-80,-80,-80,-80,-80,-80,-80
d0:4d:c6:f2:fc:81,-60,-60,-60,-60,-60,-60,-60,-60,-60,-60,-60,-60,-60,-60,-60,-60,-60,-60,-60,-60,-60,-62,-62,-62,-62,-62,-62,-62,-62,-62,-62,-59,-59,-59,-59,-57,-57,-57,-57,-57,-57,-57,-57,-57,-57,-57,-57,-57,-57,-57,-57,-57,-57,-57,-57,-57,-57,-57,-57,-57,-57,-59,-59,-59,-59,-59,-59,-59,-59,-59,-59,-60,-60,-60,-60,-60,-60,-60,-60,-60,-60,-64,-64,-64,-64,-64,-64,-64,-64,-64,-64,-65,-65,-65,-65,-65,-65,-65,-65,-65,-65,-65,-65,-65,-65,-66,-66,-66,-66,-66,-66,-62,-62,-62,-62,-62,-62,-62,-58,-61,-61,-61,-61,-61,-61,-61,-61,-61,-61,-64,-64,-64,-64,-64,-64,-64,-64,-64,-64,-62,-62,-62,-62,-62,-62,-62,-66,-66,-61,-61,-61,-61,-61,-61,-61,-61,-61,-61,-61,-59,-59,-59,-59,-58,-58,-58,-58,-58,-58,-58,-58,-58,-58,-58,-58,-58,-58,-58,-60,-60,-60,-60,-60,-60,-60,-60,-60,-60,-60,-57,-54,-54,-54,-54,-54,-54,-54,-54,-54,-52,-52,-52,-52,-52,-52,-52,-52,-52,-66,-59,-59,-59,-59,-59,-59,-59,-59,-59,-59,-62,-62,-62,-62,-62,-62,-62,-62,-62,-62,-60,-60,-60,-60,-60,-60,-60,-60,-60,-66,-65,-65,-65,-65,-65,-65,-65,-65,-65,-65,-65,-65,-65,-65,-65,-65,-65,-65,-65,-66,-66,-66,-66,-66,-66,-66,-66,-66,-66,-66,-65,-65,-65,-65,-65,-65,-65,-65,-65,-62,-61,-61,-61,-61,-61,-61,-61,-61,-61,-62,-62,-62,-60,-60,-60,-60,-60,-60,-60,-60,-61,-61,-61,-61,-61,-61,-61,-61,-61,-61,-61,-61,-61,-61,-61,-61,-61,-61,-61,-60,-60,-60,-60,-60,-60,-60,-60,-60,-60,-60,-59,-59,-59,-59,-59,-59,-59,-59,-59,-59,-59,-59,-59,-59,-59,-63,-63,-63,-63,-66,-65,-65,-65,-65,-65,-65,-65,-65,-65,-65,-65,-65,-65,-65,-65,-65,-65,-65,-65,-66,-66,-66,-66,-66,-66,-66,-66,-66,-66,-66,-65,-65,-65,-65,-65,-65,-65,-65,-65,-62,-61,-61,-61,-61,-61,-61,-61,-61,-61,-62,-62,-62,-60,-60,-60,-60,-60,-60,-60,-60,-61,-61,-61,-61,-61,-61,-61,-61,-61,-61,-61,-61,-61,-61,-61,-61,-61,-61,-61,-60,-60,-60,-60,-60,-60,-60,-60,-60,-60,-60,-59,-59,-59,-59,-59,-59,-59,-59,-59,-59,-59,-59,-59,-59,-59,-63,-63,-63,-63
1c:28:af:65:ba:42,-76,-80,-80,-80,-80,-80,-80,-80,-80,-80,-80,-80,-80,-80,-80,-80,-80,-80,-80,-80,-80,-80,-80,-80,-80,-80,-80,-80,-80,-80,-80,-80,-80,-80,-80,-80,-80,-80,-80,-80,-80,-80,-80,-80,-80,-80,-80,-80,-80,-80,-80,-80,-80,-80,-80,-80,-80,-80,-80,-80,-80,-80,-80,-80,-80,-80,-80,-80,-80,-80,-80,-80,-84,-84,-84,-84,-84,-84,-84,-84,-84,-84,-85,-85,-85,-85,-83,-83,-83,-83,-83,-83,-82,-82,-82,-82,-82,-82,-82,-85,-81,-81,-81,-81,-81,-81,-81,-81,-81,-81,-81,-81,-81,-81,-81,-81,-81,-81,-81,-81,-81,-81,-81,-81,-81,-81,-81,-81,-81,-82,-78,-78,-78,-78,-78,-78,-78,-78,-78,-78,-78,-78,-78,-78,-78,-78,-78,-78,-78,-78,-78,-78,-78,-78,-78,-81,-81,-81,-81,-81,-81,-81,-81,-81,-81,-81,-81,-81,-81,-81,-81,-81,-81,-81,-81,-81,-81,-81,-81,-81,-81,-81,-81,-81,-82,-78,-78,-78,-78,-78,-78,-78,-78,-78,-78,-78,-78,-78,-78,-78,-78,-78,-78,-78,-78,-78,-78,-78,-78,-78
d0:4d:c6:f2:fc:80,-60,-60,-60,-60,-60,-60,-60,-60,-60,-60,-60,-60,-60,-60,-60,-59,-59,-59,-59,-59,-59,-62,-62,-62,-62,-62,-62,-62,-62,-62,-62,-60,-60,-60,-60,-57,-57,-57,-57,-57,-57,-57,-57,-57,-57,-57,-57,-57,-57,-57,-57,-57,-57,-57,-57,-57,-57,-57,-57,-57,-57,-60,-60,-60,-60,-60,-60,-60,-60,-60,-60,-61,-61,-61,-61,-61,-61,-61,-61,-61,-61,-64,-64,-64,-64,-64,-64,-64,-64,-64,-64,-66,-66,-66,-66,-66,-66,-66,-66,-66,-66,-66,-66,-66,-66,-66,-66,-66,-66,-66,-66,-62,-62,-62,-62,-62,-62,-62,-58,-61,-61,-61,-61,-61,-61,-61,-61,-61,-61,-64,-64,-64,-64,-64,-64,-64,-64,-64,-64,-62,-62,-62,-62,-62,-62,-62,-66,-66,-61,-61,-61,-61,-61,-61,-61,-61,-61,-61,-61,-59,-59,-59,-59,-58,-58,-58,-58,-58,-58,-58,-58,-58,-58,-58,-58,-58,-58,-58,-60,-60,-60,-60,-60,-60,-60,-60,-60,-60,-60,-56,-54,-54,-54,-54,-54,-54,-54,-54,-54,-52,-52,-52,-52,-52,-52,-52,-52,-52,-66,-59,-59,-59,-59,-59,-59,-59,-59,-59,-59,-61,-61,-61,-61,-61,-61,-61,-61,-61,-61,-60,-60,-60,-60,-60,-60,-60,-60,-60,-66,-66,-66,-66,-66,-66,-66,-66,-66,-66,-66,-65,-65,-65,-65,-65,-65,-65,-65,-65,-65,-65,-65,-65,-65,-65,-65,-65,-65,-65,-64,-64,-64,-64,-64,-64,-64,-64,-64,-64,-64,-64,-64,-64,-64,-64,-64,-64,-64,-62,-60,-60,-60,-60,-60,-60,-60,-60,-60,-62,-62,-62,-60,-60,-60,-60,-60,-60,-60,-60,-61,-61,-61,-61,-61,-61,-61,-61,-61,-61,-61,-61,-61,-61,-61,-61,-61,-61,-61,-60,-60,-60,-60,-60,-60,-59,-59,-59,-59,-59,-59,-59,-59,-59,-59,-59,-59,-59,-59,-59,-59,-59,-59,-59,-59,-61,-61,-61,-61,-66,-66,-66,-66,-66,-66,-66,-66,-66,-66,-66,-65,-65,-65,-65,-65,-65,-65,-65,-65,-65,-65,-65,-65,-65,-65,-65,-65,-65,-65,-64,-64,-64,-64,-64,-64,-64,-64,-64,-64,-64,-64,-64,-64,-64,-64,-64,-64,-64,-62,-60,-60,-60,-60,-60,-60,-60,-60,-60,-62,-62,-62,-60,-60,-60,-60,-60,-60,-60,-60,-61,-61,-61,-61,-61,-61,-61,-61,-61,-61,-61,-61,-61,-61,-61,-61,-61,-61,-61,-60,-60,-60,-60,-60,-60,-59,-59,-59,-59,-59,-59,-59,-59,-59,-59,-59,-59,-59,-59,-59,-59,-59,-59,-59,-59,-61,-61,-61,-61
1c:28:af:65:ba:41,-79,-79,-79,-79,-79,-79,-79,-79,-79,-79,-79,-79,-79,-79,-79,-79,-79,-79,-79,-79,-79,-79,-79,-79,-79,-79,-79,-79,-79,-79,-81,-81,-81,-81,-81,-81,-81,-81,-81,-81,-81,-81,-81,-81,-81,-81,-81,-81,-81,-81,-81,-81,-81,-81,-81,-81,-81,-81,-81,-81,-86,-86,-86,-86,-86,-86,-86,-86,-86,-86,-86,-86,-86,-86,-86,-86,-86,-85,-81,-81,-81,-81,-81,-81,-81,-81,-81,-81,-81,-81,-81,-81,-81,-81,-81,-81,-81,-81,-81,-81,-81,-81,-81,-81,-81,-81,-81,-82,-82,-82,-82,-82,-82,-82,-82,-82,-82,-82,-82,-82,-82,-82,-82,-82,-82,-82,-82,-82,-80,-80,-80,-80,-80,-80,-80,-80,-80,-81,-81,-81,-81,-81,-81,-81,-81,-81,-81,-81,-81,-81,-81,-81,-81,-81,-81,-81,-81,-81,-81,-81,-81,-81,-81,-81,-81,-81,-82,-82,-82,-82,-82,-82,-82,-82,-82,-82,-82,-82,-82,-82,-82,-82,-82,-82,-82,-82,-82,-80,-80,-80,-80,-80,-80,-80,-80,-80
d0:4d:c6:f2:fc:82,-59,-59,-59,-59,-59,-59,-59,-59,-59,-59,-59,-59,-59,-59,-59,-59,-59,-59,-59,-59,-59,-62,-62,-62,-62,-62,-62,-62,-62,-62,-62,-59,-59,-59,-59,-57,-57,-57,-57,-57,-57,-57,-57,-57,-57,-57,-57,-57,-57,-57,-57,-57,-57,-57,-57,-57,-57,-57,-57,-57,-57,-60,-60,-60,-60,-60,-60,-60,-60,-60,-60,-59,-59,-59,-59,-59,-59,-59,-59,-59,-59,-64,-64,-64,-64,-64,-64,-64,-64,-64,-64,-65,-65,-65,-65,-65,-65,-65,-65,-65,-65,-65,-65,-65,-65,-67,-67,-67,-67,-67,-67,-63,-63,-63,-63,-63,-63,-63,-58,-61,-61,-61,-61,-61,-61,-61,-61,-61,-61,-65,-65,-65,-65,-65,-65,-65,-65,-65,-65,-62,-62,-62,-62,-62,-62,-62,-66,-66,-61,-61,-61,-61,-61,-61,-61,-61,-61,-61,-61,-58,-58,-58,-58,-58,-58,-58,-58,-58,-58,-58,-58,-58,-58,-58,-58,-58,-58,-58,-61,-61,-61,-61,-61,-61,-61,-61,-61,-61,-61,-57,-54,-54,-54,-54,-54,-54,-54,-54,-54,-52,-52,-52,-52,-52,-52,-52,-52,-52,-66,-59,-59,-59,-59,-59,-59,-59,-59,-59,-59,-62,-62,-62,-62,-62,-62,-62,-62,-62,-62,-60,-60,-60,-60,-60,-60,-62,-62,-62,-67,-66,-66,-66,-66,-66,-66,-66,-66,-66,-66,-66,-66,-66,-66,-66,-66,-66,-66,-66,-66,-66,-66,-66,-66,-66,-66,-66,-66,-66,-66,-65,-65,-65,-65,-65,-65,-65,-65,-65,-62,-61,-61,-61,-61,-61,-61,-61,-61,-61,-62,-62,-62,-60,-60,-60,-60,-60,-60,-60,-60,-60,-60,-60,-60,-60,-60,-60,-60,-60,-60,-60,-60,-60,-60,-60,-60,-60,-60,-60,-60,-61,-61,-61,-61,-61,-59,-59,-59,-59,-59,-59,-59,-59,-59,-59,-59,-59,-59,-59,-59,-59,-59,-59,-59,-59,-62,-62,-62,-62,-67,-66,-66,-66,-66,-66,-66,-66,-66,-66,-66,-66,-66,-66,-66,-66,-66,-66,-66,-66,-66,-66,-66,-66,-66,-66,-66,-66,-66,-66,-66,-65,-65,-65,-65,-65,-65,-65,-65,-65,-62,-61,-61,-61,-61,-61,-61,-61,-61,-61,-62,-62,-62,-60,-60,-60,-60,-60,-60,-60,-60,-60,-60,-60,-60,-60,-60,-60,-60,-60,-60,-60,-60,-60,-60,-60,-60,-60,-60,-60,-60,-61,-61,-61,-61,-61,-59,-59,-59,-59,-59,-59,-59,-59,-59,-59,-59,-59,-59,-59,-59,-59,-59,-59,-59,-59,-62,-62,-62,-62
d0:4d:c6:f2:43:61,-85,-85,-85,-85,-85,-85,-85,-85,-85,-85,-85,-85,-85,-85,-85
84:16:f9:e3:75:72,-87,-87,-87,-87,-87,-87,-87,-87,-87,-87,-87,-92,-84,-84,-88,-88,-88,-88,-88,-88,-88,-88,-88,-88,-88,-88,-88,-88,-88,-88,-88,-88,-88,-88,-88,-88,-88,-88,-88,-88,-88,-88,-92,-84,-84,-88,-88,-88,-88,-88,-88,-88,-88,-88,-88,-88,-88,-88,-88,-88,-88,-88,-88,-88,-88,-88,-88,-88,-88,-88,-88,-88,-88
1c:28:af:66:03:42,-77,-77,-77,-77,-77,-77,-77,-77,-77,-77,-77,-77,-77,-77,-77,-86,-86,-86,-86,-86,-86,-86,-86,-86,-86,-86,-86,-86,-86,-86,-86,-87,-87,-87,-87,-87,-87,-87,-87,-87,-87,-87,-87,-87,-87,-87,-87,-87,-87,-87,-87,-87,-87,-87
1c:28:af:66:03:40,-75,-75,-75,-75,-75,-75,-75,-75,-75,-75,-75,-75,-75,-75,-75,-87,-87,-87,-87,-87,-87,-87,-87,-87,-87,-87,-87,-87,-87,-87,-87,-87,-87,-87,-87,-87,-87,-87
1c:28:af:66:03:41,-76,-76,-76,-76,-76,-76,-76,-76,-76,-76,-76,-76,-76,-76,-76,-87,-87,-87,-87,-87,-87,-87,-87,-87,-87,-87,-87,-87,-87,-87,-87,-87,-87,-87,-87,-87,-87,-87
1c:28:af:65:e6:e2,-84,-84,-84,-84,-84,-84,-84,-84,-84,-84,-84,-84,-84,-84,-84,-84,-84,-81,-81,-81,-81,-81,-81,-81,-81,-81,-81,-81,-81,-81,-81,-81,-81,-81,-81,-81
1c:28:af:65:e6:e0,-84,-84,-84,-84,-84,-84,-84,-84,-84,-84,-84,-84,-84,-84,-84,-84,-84,-86,-86,-85,-85,-85,-85,-85,-85,-85,-85,-85,-85,-85,-85,-85,-85,-85,-85,-85,-85,-85,-86,-86,-85,-85,-85,-85,-85,-85,-85,-85,-85,-85,-85,-85,-85,-85,-85,-85,-85,-85,-85
1c:28:af:65:e6:e1,-84,-84,-84,-84,-84,-84,-84,-84,-84,-84,-84,-84,-84,-84,-84,-84,-84,-86,-84,-84,-84,-84,-84,-84,-84,-84,-84,-84,-84,-84,-84,-84,-84,-84,-84,-84,-84,-86,-84,-84,-84,-84,-84,-84,-84,-84,-84,-84,-84,-84,-84,-84,-84,-84,-84,-84,-84
1c:28:af:61:e5:c1,-66,-74,-74,-74,-74,-74,-74,-74,-74,-74,-74,-75,-75,-75,-75,-75,-75,-75,-75,-75,-75,-75,-75,-75,-75,-75,-75,-75,-75,-75,-75,-75,-75,-75,-75,-75,-75,-75,-75,-75,-75,-75,-75,-75,-75,-75,-75,-75,-75,-75,-75,-78,-78,-78,-78,-78,-78,-78,-78,-78,-78,-78,-78,-78,-78,-78,-78,-78,-78,-78,-78,-78,-78,-78,-78,-78,-78,-78,-78,-78,-78,-78,-77,-77,-77,-77,-77,-77,-77,-80,-80,-80,-80,-80,-80,-80,-80,-74,-74,-74,-74,-74,-74,-74,-74,-74,-74,-74,-74,-74,-74,-74,-74,-74,-74,-74,-74,-74,-74,-76,-76,-76,-76,-76,-76,-76,-76,-76,-76,-76,-76,-76,-76,-76,-76,-76,-76,-76,-74,-74,-74,-74,-74,-74,-74,-74,-74,-74,-74,-74,-74,-74,-74,-74,-74,-74,-74,-74,-74,-74,-74,-74,-74,-74,-74,-74,-74,-74,-76,-80,-80,-80,-80,-80,-80,-80,-80,-80,-80,-79,-79,-79,-79,-79,-79,-79,-79,-79,-79,-74,-74,-74,-74,-74,-74,-74,-74,-74,-81,-81,-81,-81,-81,-81,-81,-81,-81,-74,-74,-74,-74,-74,-74,-74,-74,-74,-74,-74,-74,-74,-74,-74,-74,-74,-74,-74,-74,-74,-74,-74,-74,-74,-74,-74,-74,-74,-81,-81,-81,-81,-81,-81,-81,-81,-81,-74,-74,-74,-74,-74,-74,-74,-74,-74,-74,-74,-74,-74,-74,-74,-74,-74,-74,-74,-74,-74,-74,-74,-74,-74,-74,-74,-74,-74
1c:28:af:61:e5:c2,-75,-75,-75,-75,-75,-75,-75,-75,-75,-75,-75,-75,-75,-75,-75,-75,-75,-75,-75,-75,-75,-74,-74,-74,-74,-74,-74,-74,-74,-74,-74,-74,-74,-74,-74,-74,-74,-74,-74,-74,-74,-74,-74,-74,-74,-74,-74,-74,-74,-74,-74,-81,-81,-81,-81,-81,-81,-81,-81,-81,-81,-81,-81,-81,-81,-81,-81,-81,-81,-81,-81,-81,-81,-81,-81,-81,-81,-81,-81,-81,-81,-78,-78,-78,-78,-78,-78,-78,-80,-80,-80,-80,-80,-80,-80,-80,-72,-72,-72,-72,-72,-72,-72,-72,-72,-72,-72,-72,-72,-72,-72,-72,-72,-72,-72,-72,-72,-72,-76,-76,-76,-76,-76,-76,-76,-76,-76,-76,-76,-76,-76,-76,-76,-76,-76,-76,-76,-74,-74,-74,-74,-74,-74,-74,-74,-74,-74,-74,-74,-74,-74,-74,-74,-74,-74,-74,-74,-74,-74,-74,-74,-74,-74,-74,-74,-74,-74,-75,-75,-75,-75,-75,-75,-75,-75,-75,-75,-75,-78,-78,-78,-78,-78,-78,-78,-78,-78,-78,-74,-74,-74,-74,-74,-74,-74,-74,-74,-83,-83,-83,-83,-83,-83,-83,-83,-83,-83,-83,-80,-80,-80,-80,-80,-80,-80,-80,-80,-74,-74,-74,-74,-74,-74,-74,-74,-74,-74,-74,-74,-74,-74,-74,-74,-74,-74,-74,-74,-75,-75,-75,-75,-75,-75,-75,-75,-75,-83,-83,-83,-83,-83,-83,-83,-83,-83,-83,-83,-80,-80,-80,-80,-80,-80,-80,-80,-80,-74,-74,-74,-74,-74,-74,-74,-74,-74,-74,-74,-74,-74,-74,-74,-74,-74,-74,-74,-74,-75,-75,-75,-75,-75,-75,-75,-75,-75
1c:28:af:61:e5:c0,-67,-74,-74,-74,-74,-74,-74,-74,-74,-74,-74,-74,-74,-74,-74,-74,-74,-74,-74,-74,-74,-74,-74,-74,-74,-74,-74,-74,-74,-74,-74,-74,-74,-74,-74,-74,-74,-74,-74,-74,-74,-74,-74,-74,-74,-74,-74,-74,-74,-74,-74,-79,-79,-79,-79,-79,-79,-79,-79,-79,-79,-79,-79,-79,-79,-79,-79,-79,-79,-79,-79,-77,-77,-77,-77,-77,-77,-77,-80,-80,-80,-80,-80,-80,-80,-80,-73,-73,-73,-73,-73,-73,-73,-73,-73,-73,-73,-73,-73,-73,-73,-73,-73,-73,-73,-73,-73,-73,-81,-81,-81,-81,-81,-81,-81,-81,-81,-81,-77,-77,-77,-77,-77,-77,-77,-77,-77,-77,-77,-77,-77,-77,-77,-77,-77,-77,-77,-73,-74,-74,-74,-74,-74,-74,-74,-74,-74,-74,-74,-74,-74,-74,-74,-74,-74,-74,-74,-74,-74,-74,-74,-74,-74,-74,-74,-74,-74,-76,-81,-81,-81,-81,-81,-81,-81,-81,-81,-81,-79,-79,-79,-79,-79,-79,-79,-79,-79,-79,-73,-73,-73,-73,-73,-73,-73,-73,-73,-81,-81,-81,-81,-81,-81,-81,-81,-81,-81,-81,-81,-81,-81,-77,-77,-77,-77,-77,-77,-77,-77,-77,-77,-77,-77,-77,-77,-77,-77,-77,-77,-77,-77,-77,-77,-77,-77,-81,-81,-81,-81,-81,-81,-81,-81,-81,-81,-81,-81,-81,-81,-77,-77,-77,-77,-77,-77,-77,-77,-77,-77,-77,-77,-77,-77,-77,-77,-77,-77,-77,-77,-77,-77,-77,-77
d0:4d:c6:f2:3d:42,-86,-86,-86,-86,-86,-86,-86,-86,-86,-86,-86,-86,-86,-86,-86,-86,-86,-86,-86,-86,-86,-87,-87,-87,-87,-87,-87,-87,-87,-87,-87,-87,-87,-87,-87,-87,-87,-87,-87,-87,-87,-87,-87,-87,-87,-87,-87,-87,-87,-87,-87,-88,-88,-88,-88,-88,-88,-88,-88,-88,-88,-88,-88,-88,-88,-88,-88,-88,-88,-88,-88,-85,-85,-85,-85,-85,-85,-85,-85,-85,-85,-85,-85,-85,-85,-85,-85,-85,-85,-85,-85,-85,-85,-86,-86,-86,-86,-86,-86,-86,-86,-86,-86,-87,-87,-87,-87,-87,-87,-87,-87,-87,-87,-87,-87,-87,-87,-87,-88,-88,-88,-88,-88,-88,-88,-88,-88,-88,-88,-88,-88,-88,-88,-88,-88,-88,-88,-88,-85,-85,-85,-85,-85,-85,-85,-85,-85,-85,-85,-85,-85,-85,-85,-85,-85,-85,-85,-85,-85,-85,-86,-86,-86,-86,-86,-86,-86,-86,-86,-86,-87,-87,-87,-87,-87,-87,-87,-87,-87,-87,-87,-87,-87,-87,-87
d0:4d:c6:f2:36:a2,-87,-87,-87,-87,-87,-87,-87,-87,-87,-87,-87,-87,-87,-87,-87,-87,-87,-87,-87,-87,-87,-87,-87,-87,-87,-87,-87,-87,-87,-87,-87,-82,-82,-82,-82,-82,-82,-82,-82,-82,-82,-82,-82,-82,-82,-82,-87,-87,-87,-87,-87,-87,-87,-87,-87,-87,-87,-87,-87,-87,-87,-87,-87,-87,-87,-87,-87,-87,-87,-87,-87,-87,-87,-87,-87,-87,-87,-87,-87,-87,-87,-87,-87,-87,-87,-87
1c:28:af:62:04:a0,-87,-87,-87,-87,-87,-87,-87,-87,-87,-87,-87,-87,-87,-87,-87,-87,-87,-87,-87,-87,-87,-87,-87,-87,-87,-87,-80,-80,-80,-80,-80,-80,-80,-80,-80,-80,-80,-80,-80,-80,-80
1c:28:af:62:04:a2,-88,-88,-88,-88,-88,-88,-88,-88,-88,-88,-88,-88,-88,-88,-88,-88,-88,-88,-88,-88,-88,-88,-88,-88,-88,-88,-85,-85,-85,-85,-85,-85,-85,-85,-85,-85,-85,-85,-85,-85,-85,-85,-85,-85,-85,-80,-80,-80,-80,-80,-80,-80,-80,-80,-80,-80,-80,-80,-80,-80,-85
1c:28:af:62:64:40,-70,-70,-70,-70,-70,-70,-70,-70,-70,-70,-70,-66,-66,-66,-66,-66,-66,-66,-66,-66,-66,-66,-66,-66,-66,-66,-66,-66,-66,-66,-66,-67,-67,-67,-67,-67,-67,-67,-67,-67,-67,-67,-67,-67,-67,-67,-67,-67,-67,-67,-67,-65,-65,-65,-65,-65,-65,-65,-65,-65,-65,-64,-64,-64,-64,-64,-64,-64,-64,-64,-64,-64,-64,-64,-64,-64,-64,-64,-64,-64,-64,-64,-64,-64,-64,-65,-65,-65,-65,-65,-65,-64,-64,-64,-64,-64,-64,-64,-64,-64,-64,-64,-64,-64,-64,-64,-64,-64,-64,-64,-64,-64,-64,-64,-64,-64,-64,-64,-65,-63,-63,-63,-63,-63,-63,-63,-63,-63,-63,-63,-63,-63,-63,-63,-63,-63,-63,-63,-63,-63,-63,-63,-63,-63,-63,-63,-65,-65,-65,-68,-68,-68,-68,-68,-68,-68,-68,-68,-68,-64,-64,-64,-64,-63,-63,-63,-63,-63,-63,-63,-63,-63,-63,-63,-63,-63,-63,-63,-62,-62,-62,-62,-62,-62,-62,-62,-62,-62,-62,-66,-66,-66,-66,-66,-66,-66,-66,-66,-66,-68,-68,-68,-68,-68,-68,-68,-68,-68,-64,-64,-64,-64,-64,-64,-64,-64,-64,-64,-64,-64,-64,-64,-64,-64,-64,-64,-64,-64,-64,-64,-64,-64,-64,-64,-64,-64,-64,-64,-67,-65,-65,-65,-65,-65,-65,-65,-65,-65,-65,-65,-65,-65,-65,-65,-65,-65,-65,-65,-65,-65,-65,-65,-65,-65,-65,-65,-65,-65,-61,-61,-61,-61,-61,-61,-61,-61,-61,-61,-61,-63,-63,-63,-63,-63,-63,-63,-63,-63,-66,-66,-66,-66,-66,-66,-66,-66,-66,-66,-64,-64,-64,-66,-66,-66,-66,-66,-66,-66,-66,-66,-66,-66,-66,-66,-66,-66,-66,-66,-66,-66,-66,-66,-66,-66,-66,-66,-66,-66,-66,-64,-64,-64,-64,-64,-64,-64,-64,-64,-64,-64,-64,-64,-64,-64,-64,-64,-64,-64,-64,-64,-64,-64,-64,-64,-67,-65,-65,-65,-65,-65,-65,-65,-65,-65,-65,-65,-65,-65,-65,-65,-65,-65,-65,-65,-65,-65,-65,-65,-65,-65,-65,-65,-65,-65,-61,-61,-61,-61,-61,-61,-61,-61,-61,-61,-61,-63,-63,-63,-63,-63,-63,-63,-63,-63,-66,-66,-66,-66,-66,-66,-66,-66,-66,-66,-64,-64,-64,-66,-66,-66,-66,-66,-66,-66,-66,-66,-66,-66,-66,-66,-66,-66,-66,-66,-66,-66,-66,-66,-66,-66,-66,-66,-66,-66,-66,-64,-64,-64,-64,-64,-64,-64,-64,-64,-64,-64,-64,-64,-64,-64,-64,-64,-64,-64,-64,-64,-64,-64,-64,-64
d0:4d:c6:f2:81:02,-64,-64,-64,-64,-64,-64,-64,-64,-64,-64,-64,-64,-64,-64,-64,-64,-64,-64,-64,-64,-64,-63,-63,-63,-63,-63,-63,-63,-63,-63,-63,-63,-63,-63,-63,-59,-59,-59,-59,-59,-59,-59,-59,-59,-59,-59,-59,-59,-59,-59,-59,-59,-59,-59,-59,-59,-59,-59,-59,-59,-59,-59,-59,-59,-59,-59,-59,-59,-59,-59,-59,-62,-62,-62,-62,-62,-62,-62,-62,-62,-62,-62,-62,-62,-62,-62,-62,-62,-62,-62,-62,-61,-61,-61,-61,-61,-61,-61,-61,-61,-61,-62,-62,-62,-62,-61,-61,-61,-61,-61,-61,-61,-61,-61,-61,-61,-61,-61,-62,-59,-59,-59,-59,-59,-59,-59,-60,-60,-60,-60,-60,-60,-60,-60,-60,-60,-60,-60,-60,-60,-60,-60,-60,-60,-60,-60,-61,-61,-61,-57,-57,-57,-57,-57,-57,-57,-57,-57,-57,-59,-59,-59,-59,-59,-59,-59,-59,-59,-59,-59,-59,-59,-59,-59,-59,-59,-59,-59,-63,-63,-63,-63,-63,-63,-63,-63,-63,-63,-63,-63,-61,-61,-61,-61,-61,-61,-61,-61,-61,-58,-58,-58,-58,-58,-58,-58,-58,-58,-63,-62,-62,-62,-62,-62,-62,-62,-61,-61,-61,-61,-61,-61,-61,-61,-61,-61,-61,-61,-61,-65,-65,-65,-65,-65,-65,-63,-63,-63,-61,-61,-61,-61,-61,-61,-61,-61,-61,-61,-61,-59,-59,-59,-59,-59,-59,-59,-59,-59,-58,-58,-58,-58,-58,-58,-58,-58,-58,-58,-62,-62,-62,-62,-62,-62,-62,-62,-62,-62,-62,-66,-66,-66,-66,-66,-66,-66,-66,-66,-66,-66,-66,-66,-66,-66,-66,-66,-66,-66,-62,-63,-63,-63,-63,-63,-63,-63,-63,-63,-63,-63,-63,-63,-63,-63,-63,-63,-63,-63,-63,-64,-64,-64,-64,-64,-64,-64,-64,-64,-64,-66,-66,-66,-66,-66,-66,-66,-66,-66,-66,-63,-63,-63,-63,-63,-63,-63,-63,-63,-63,-64,-64,-64,-64,-64,-67,-67,-67,-67,-61,-61,-61,-61,-61,-61,-61,-61,-61,-61,-61,-59,-59,-59,-59,-59,-59,-59,-59,-59,-58,-58,-58,-58,-58,-58,-58,-58,-58,-58,-62,-62,-62,-62,-62,-62,-62,-62,-62,-62,-62,-66,-66,-66,-66,-66,-66,-66,-66,-66,-66,-66,-66,-66,-66,-66,-66,-66,-66,-66,-62,-63,-63,-63,-63,-63,-63,-63,-63,-63,-63,-63,-63,-63,-63,-63,-63,-63,-63,-63,-63,-64,-64,-64,-64,-64,-64,-64,-64,-64,-64,-66,-66,-66,-66,-66,-66,-66,-66,-66,-66,-63,-63,-63,-63,-63,-63,-63,-63,-63,-63,-64,-64,-64,-64,-64,-67,-67,-67,-67
1c:28:af:62:64:41,-69,-69,-69,-69,-69,-69,-69,-69,-69,-69,-69,-66,-66,-66,-66,-66,-66,-66,-66,-66,-66,-66,-66,-66,-66,-66,-66,-66,-66,-66,-66,-67,-67,-67,-67,-67,-67,-67,-67,-67,-67,-67,-67,-67,-67,-67,-67,-67,-67,-67,-67,-65,-65,-65,-65,-65,-65,-65,-65,-65,-65,-63,-63,-63,-63,-63,-63,-63,-63,-63,-63,-63,-63,-63,-63,-63,-63,-63,-63,-63,-63,-64,-64,-64,-64,-67,-67,-67,-67,-67,-67,-64,-64,-64,-64,-64,-64,-64,-64,-64,-64,-64,-64,-64,-64,-64,-64,-64,-64,-64,-64,-64,-64,-64,-64,-64,-64,-64,-69,-64,-64,-64,-64,-64,-64,-64,-64,-64,-64,-63,-63,-63,-63,-63,-63,-63,-63,-63,-63,-63,-63,-63,-63,-63,-63,-63,-65,-65,-66,-68,-68,-68,-68,-68,-68,-68,-68,-68,-68,-64,-64,-64,-64,-63,-63,-63,-63,-63,-63,-63,-63,-63,-63,-63,-63,-63,-63,-63,-62,-62,-62,-62,-62,-62,-62,-62,-62,-62,-62,-66,-66,-66,-66,-66,-66,-66,-66,-66,-66,-67,-67,-67,-67,-67,-67,-67,-67,-67,-64,-64,-64,-64,-64,-64,-64,-64,-64,-64,-64,-64,-64,-64,-64,-64,-64,-64,-64,-64,-64,-65,-65,-65,-65,-65,-65,-65,-65,-65,-67,-67,-67,-67,-67,-67,-67,-67,-67,-67,-67,-67,-67,-67,-67,-67,-67,-67,-67,-67,-67,-67,-67,-67,-67,-67,-67,-67,-67,-67,-61,-61,-61,-61,-61,-61,-61,-61,-61,-61,-61,-61,-61,-61,-61,-61,-61,-61,-61,-61,-66,-66,-66,-66,-66,-66,-66,-66,-66,-66,-64,-64,-64,-67,-67,-67,-67,-67,-67,-67,-67,-67,-67,-67,-67,-67,-67,-67,-67,-67,-67,-67,-66,-66,-66,-66,-66,-66,-66,-66,-66,-64,-64,-64,-64,-64,-64,-64,-64,-64,-64,-64,-64,-64,-64,-64,-64,-64,-64,-64,-64,-64,-64,-64,-64,-64,-67,-67,-67,-67,-67,-67,-67,-67,-67,-67,-67,-67,-67,-67,-67,-67,-67,-67,-67,-67,-67,-67,-67,-67,-67,-67,-67,-67,-67,-67,-61,-61,-61,-61,-61,-61,-61,-61,-61,-61,-61,-61,-61,-61,-61,-61,-61,-61,-61,-61,-66,-66,-66,-66,-66,-66,-66,-66,-66,-66,-64,-64,-64,-67,-67,-67,-67,-67,-67,-67,-67,-67,-67,-67,-67,-67,-67,-67,-67,-67,-67,-67,-66,-66,-66,-66,-66,-66,-66,-66,-66,-64,-64,-64,-64,-64,-64,-64,-64,-64,-64,-64,-64,-64,-64,-64,-64,-64,-64,-64,-64,-64,-64,-64,-64,-64
d0:4d:c6:f2:a8:01,-85,-85,-85,-85,-86,-86,-86,-86,-86,-86,-86,-86,-86,-86,-86,-86,-86
1c:28:af:62:64:42,-68,-68,-68,-68,-68,-68,-68,-68,-68,-68,-68,-66,-66,-66,-66,-66,-66,-66,-66,-66,-66,-66,-66,-66,-66,-66,-66,-66,-66,-66,-66,-67,-67,-67,-67,-67,-67,-67,-67,-67,-67,-67,-67,-67,-67,-67,-67,-67,-67,-67,-67,-65,-65,-65,-65,-65,-65,-65,-65,-65,-65,-63,-63,-63,-63,-63,-63,-63,-63,-63,-63,-63,-63,-63,-63,-63,-63,-63,-63,-63,-63,-64,-64,-64,-64,-65,-65,-65,-65,-65,-65,-64,-64,-64,-64,-64,-64,-64,-64,-64,-64,-64,-64,-64,-64,-64,-64,-64,-64,-64,-64,-73,-73,-73,-73,-73,-73,-73,-68,-63,-63,-63,-63,-63,-63,-63,-63,-63,-63,-63,-63,-63,-63,-63,-63,-63,-63,-63,-63,-63,-63,-63,-63,-63,-63,-63,-65,-65,-65,-68,-68,-68,-68,-68,-68,-68,-68,-68,-68,-64,-64,-64,-64,-63,-63,-63,-63,-63,-63,-63,-63,-63,-63,-63,-63,-63,-63,-63,-62,-62,-62,-62,-62,-62,-62,-62,-62,-62,-62,-66,-66,-66,-66,-66,-66,-66,-66,-66,-66,-68,-68,-68,-68,-68,-68,-68,-68,-68,-64,-64,-64,-64,-64,-64,-64,-64,-64,-64,-64,-64,-64,-64,-64,-64,-64,-64,-64,-64,-64,-64,-64,-64,-64,-64,-64,-64,-64,-64,-67,-67,-67,-67,-67,-67,-67,-67,-67,-67,-67,-67,-67,-67,-67,-67,-67,-67,-67,-67,-67,-67,-67,-67,-67,-67,-67,-67,-67,-67,-61,-61,-61,-61,-61,-61,-61,-61,-61,-61,-61,-61,-61,-61,-61,-61,-61,-61,-61,-61,-65,-66,-66,-66,-66,-66,-66,-66,-66,-66,-64,-64,-64,-64,-64,-64,-64,-64,-64,-64,-64,-64,-64,-64,-64,-64,-64,-64,-64,-64,-64,-66,-66,-66,-66,-66,-66,-66,-66,-66,-64,-64,-64,-64,-64,-64,-64,-64,-64,-64,-64,-64,-64,-64,-64,-64,-64,-64,-64,-64,-62,-62,-62,-62,-62,-64,-64,-64,-64,-67,-67,-67,-67,-67,-67,-67,-67,-67,-67,-67,-67,-67,-67,-67,-67,-67,-67,-67,-67,-67,-67,-67,-67,-67,-67,-67,-67,-67,-67,-61,-61,-61,-61,-61,-61,-61,-61,-61,-61,-61,-61,-61,-61,-61,-61,-61,-61,-61,-61,-65,-66,-66,-66,-66,-66,-66,-66,-66,-66,-64,-64,-64,-64,-64,-64,-64,-64,-64,-64,-64,-64,-64,-64,-64,-64,-64,-64,-64,-64,-64,-66,-66,-66,-66,-66,-66,-66,-66,-66,-64,-64,-64,-64,-64,-64,-64,-64,-64,-64,-64,-64,-64,-64,-64,-64,-64,-64,-64,-64,-62,-62,-62,-62,-62,-64,-64,-64,-64
d0:4d:c6:f2:a8:00,-87,-87,-87,-87,-87,-87,-87,-87,-87,-87,-87,-87,-87
1c:28:af:62:42:a2,-82,-82,-82,-82,-79,-79,-79,-79,-79,-79,-79,-79,-79,-79,-79,-79,-79,-79,-79,-79,-78,-78,-78,-78,-78,-78,-78,-78,-78,-78,-78,-78,-78,-78,-78,-78,-78,-78,-78,-78,-78,-78,-78,-78,-78,-78,-78,-78,-78,-78,-82,-82,-82,-82,-82,-82,-82,-82,-82,-82,-82,-82,-82,-82,-82,-82,-82,-81,-81,-81,-81,-81,-81,-81,-81,-77,-77,-77,-80,-80,-80,-80,-80,-80,-80,-80,-80,-80,-80,-80,-80,-80,-80,-80,-80,-80,-80,-69,-74,-74,-74,-74,-74,-74,-74,-74,-74,-74,-74,-74,-74,-74,-74,-74,-74,-74,-74,-74,-78,-78,-78,-78,-78,-78,-78,-78,-78,-81,-81,-81,-81,-81,-81,-81,-81,-81,-81,-81,-81,-80,-80,-80,-80,-80,-80,-80,-80,-80,-80,-80,-80,-80,-80,-80,-80,-80,-80,-80,-80,-80,-80,-80,-80,-80,-80,-80,-80,-80,-81,-81,-81,-77,-77,-77,-77,-77,-77,-77,-77,-77,-77,-77,-77,-77,-77,-77,-77,-77,-77,-77,-77,-77,-77,-77,-77,-77,-77,-77,-77,-77,-79,-79,-79,-79,-79,-79,-79,-79,-79,-79,-79,-79,-79,-79,-79,-79,-79,-79,-79,-79,-73,-73,-73,-73,-73,-73,-73,-73,-73,-73,-73,-79,-79,-79,-79,-79,-79,-79,-79,-79,-79,-79,-79,-79,-79,-79,-79,-79,-79,-79,-79,-79,-79,-79,-79,-79,-79,-79,-79,-79,-79,-80,-80,-80,-80,-80,-80,-80,-80,-80,-80,-79,-79,-79,-79,-79,-79,-79,-79,-79,-77,-77,-77,-77,-77,-77,-77,-77,-77,-77,-77,-77,-77,-77,-77,-77,-77,-77,-77,-77,-77,-77,-77,-77,-77,-77,-77,-77,-77,-79,-79,-79,-79,-79,-79,-79,-79,-79,-79,-79,-79,-79,-79,-79,-79,-79,-79,-79,-79,-73,-73,-73,-73,-73,-73,-73,-73,-73,-73,-73,-79,-79,-79,-79,-79,-79,-79,-79,-79,-79,-79,-79,-79,-79,-79,-79,-79,-79,-79,-79,-79,-79,-79,-79,-79,-79,-79,-79,-79,-79,-80,-80,-80,-80,-80,-80,-80,-80,-80,-80,-79,-79,-79,-79,-79,-79,-79,-79,-79
1c:28:af:65:e1:e0,-85
1c:28:af:61:f9:01,-81,-81,-81,-81,-81,-81,-81,-81,-81,-81,-81,-81,-81,-81,-81,-81,-81,-81,-81,-81,-81,-77,-77,-77,-77,-77,-77,-77,-77,-77,-77,-77,-77,-77,-77,-77,-77,-77,-77,-77,-77,-77,-77,-77,-77,-77,-77,-77,-77,-77,-77,-75,-75,-75,-75,-75,-75,-75,-75,-75,-75,-75,-75,-75,-75,-75,-75,-75,-75,-75,-75,-75,-75,-75,-75,-75,-75,-75,-75,-75,-75,-75,-75,-75,-75,-75,-75,-75,-75,-75,-75,-81,-81,-81,-81,-81,-81,-81,-81,-78,-78,-78,-78,-78,-78,-78,-78,-78,-78,-78,-78,-78,-78,-78,-78,-78,-78,-78,-68,-68,-68,-68,-68,-68,-68,-68,-68,-68,-68,-74,-74,-74,-74,-77,-77,-77,-77,-77,-77,-77,-77,-77,-77,-77,-77,-77,-77,-77,-75,-75,-75,-75,-75,-75,-75,-75,-75,-75,-75,-75,-75,-75,-75,-75,-75,-75,-75,-75,-75,-75,-75,-75,-75,-75,-75,-75,-75,-78,-73,-73,-73,-73,-73,-73,-73,-73,-73,-73,-73,-74,-74,-74,-74,-74,-74,-74,-74,-74,-75,-75,-75,-75,-75,-75,-75,-75,-75,-75,-75,-82,-82,-82,-82,-82,-82,-82,-82,-82,-80,-80,-80,-80,-80,-80,-80,-80,-80,-80,-80,-80,-80,-79,-79,-79,-79,-79,-79,-79,-79,-79,-79,-79,-79,-79,-79,-79,-79,-79,-79,-79,-79,-79,-79,-79,-79,-79,-79,-81,-81,-81,-81,-73,-73,-73,-73,-73,-73,-73,-73,-73,-73,-73,-74,-74,-74,-74,-74,-74,-74,-74,-74,-75,-75,-75,-75,-75,-75,-75,-75,-75,-75,-75,-82,-82,-82,-82,-82,-82,-82,-82,-82,-80,-80,-80,-80,-80,-80,-80,-80,-80,-80,-80,-80,-80,-79,-79,-79,-79,-79,-79,-79,-79,-79,-79,-79,-79,-79,-79,-79,-79,-79,-79,-79,-79,-79,-79,-79,-79,-79,-79,-81,-81,-81,-81
1c:28:af:65:e1:e2,-84
1c:28:af:61:f9:02,-79,-79,-79,-79,-79,-79,-79,-79,-79,-79,-79,-79,-79,-79,-79,-79,-79,-79,-79,-79,-79,-79,-79,-79,-79,-79,-79,-79,-79,-79,-79,-79,-79,-79,-79,-77,-77,-77,-77,-77,-77,-77,-77,-77,-77,-77,-77,-77,-76,-76,-76,-76,-76,-76,-76,-76,-76,-76,-76,-76,-76,-76,-76,-76,-76,-75,-75,-75,-75,-75,-75,-75,-75,-75,-75,-77,-77,-77,-77,-76,-76,-76,-76,-76,-76,-76,-76,-76,-76,-76,-76,-76,-76,-76,-76,-76,-76,-76,-76,-80,-80,-80,-80,-80,-80,-80,-80,-80,-80,-80,-80,-80,-80,-80,-80,-80,-80,-80,-80,-80,-79,-79,-79,-79,-79,-79,-79,-79,-79,-79,-79,-79,-79,-79,-79,-79,-79,-78,-78,-77,-77,-77,-77,-77,-77,-77,-77,-77,-77,-77,-76,-76,-76,-76,-76,-76,-76,-76,-76,-76,-76,-76,-76,-76,-76,-76,-76,-76,-76,-79,-76,-76,-76,-76,-76,-76,-76,-76,-76,-76,-76,-76,-76,-76,-76,-76,-76,-76,-78,-78,-78,-78,-78,-78,-78,-78,-78,-78,-78,-77,-77,-77,-77,-77,-77,-77,-77,-77,-77,-77,-77,-77,-77,-77,-77,-77,-77,-77,-77,-76,-76,-76,-76,-76,-76,-76,-76,-76,-76,-75,-75,-75,-75,-75,-75,-75,-75,-75,-75,-75,-75,-75,-75,-75,-75,-75,-75,-75,-75,-80,-80,-80,-80,-80,-80,-80,-80,-80,-80,-80,-80,-80,-82,-82,-82,-82,-77,-77,-77,-77,-77,-77,-77,-77,-77,-77,-77,-77,-77,-77,-77,-77,-77,-77,-77,-77,-76,-76,-76,-76,-76,-76,-76,-76,-76,-76,-75,-75,-75,-75,-75,-75,-75,-75,-75,-75,-75,-75,-75,-75,-75,-75,-75,-75,-75,-75,-80,-80,-80,-80,-80,-80,-80,-80,-80,-80,-80,-80,-80,-82,-82,-82,-82
1c:28:af:65:e1:e1,-84
1c:28:af:62:42:a1,-80,-80,-80,-80,-80,-80,-80,-80,-80,-80,-80,-80,-80,-80,-80,-80,-80,-80,-80,-80,-81,-81,-81,-81,-81,-81,-81,-81,-81,-81,-81,-81,-81,-81,-81,-81,-81,-81,-81,-81,-78,-78,-78,-78,-78,-78,-78,-78,-78,-78,-78,-78,-78,-78,-78,-78,-78,-78,-78,-78,-78,-78,-78,-78,-78,-78,-78,-78,-78,-78,-83,-81,-81,-81,-81,-81,-81,-81,-81,-81,-81,-81,-81,-81,-81,-81,-81,-81,-81,-81,-81,-81,-81,-81,-81,-81,-81,-81,-68,-74,-74,-74,-74,-74,-74,-74,-74,-74,-74,-74,-74,-74,-74,-74,-74,-74,-74,-74,-74,-74,-74,-74,-74,-74,-74,-74,-74,-74,-81,-81,-81,-81,-81,-81,-81,-81,-81,-81,-81,-81,-80,-80,-80,-80,-80,-80,-80,-80,-80,-80,-80,-80,-80,-80,-80,-80,-80,-80,-80,-80,-80,-81,-81,-81,-79,-77,-77,-77,-77,-77,-77,-77,-77,-77,-77,-77,-77,-77,-77,-77,-77,-77,-77,-77,-77,-77,-77,-77,-77,-77,-77,-77,-77,-77,-80,-76,-76,-76,-76,-76,-76,-76,-76,-76,-76,-75,-75,-75,-75,-75,-75,-75,-75,-75,-75,-75,-75,-75,-75,-75,-75,-75,-75,-75,-73,-73,-73,-73,-73,-73,-73,-73,-73,-73,-73,-79,-79,-79,-79,-79,-79,-79,-79,-79,-79,-79,-79,-79,-79,-79,-79,-79,-79,-79,-85,-85,-85,-85,-85,-85,-85,-85,-85,-85,-85,-85,-85,-85,-85,-85,-85,-85,-85,-85,-85,-81,-81,-81,-81,-79,-77,-77,-77,-77,-77,-77,-77,-77,-77,-77,-77,-77,-77,-77,-77,-77,-77,-77,-77,-77,-77,-77,-77,-77,-77,-77,-77,-77,-77,-80,-76,-76,-76,-76,-76,-76,-76,-76,-76,-76,-75,-75,-75,-75,-75,-75,-75,-75,-75,-75,-75,-75,-75,-75,-75,-75,-75,-75,-75,-73,-73,-73,-73,-73,-73,-73,-73,-73,-73,-73,-79,-79,-79,-79,-79,-79,-79,-79,-79,-79,-79,-79,-79,-79,-79,-79,-79,-79,-79,-85,-85,-85,-85,-85,-85,-85,-85,-85,-85,-85,-85,-85,-85,-85,-85,-85,-85,-85,-85,-85,-81,-81,-81,-81
1c:28:af:61:f9:00,-82,-82,-82,-82,-82,-82,-82,-82,-82,-82,-82,-82,-82,-82,-82,-82,-82,-82,-82,-82,-82,-75,-75,-75,-75,-75,-75,-75,-75,-75,-75,-77,-77,-77,-77,-76,-76,-76,-76,-76,-76,-76,-76,-76,-76,-76,-76,-76,-76,-76,-76,-76,-76,-76,-76,-80,-80,-80,-80,-80,-80,-80,-80,-80,-80,-80,-80,-80,-81,-81,-81,-81,-81,-81,-81,-81,-78,-78,-78,-78,-78,-78,-78,-78,-78,-78,-78,-78,-78,-78,-78,-78,-78,-78,-78,-77,-77,-77,-77,-77,-77,-77,-77,-77,-77,-77,-77,-77,-77,-77,-77,-77,-77,-77,-77,-77,-79,-79,-79,-79,-79,-79,-79,-79,-79,-84,-84,-84,-84,-84,-84,-84,-84,-84,-78,-74,-74,-74,-74,-74,-74,-74,-74,-74,-74,-74,-74,-74,-74,-74,-74,-74,-74,-74,-74,-76,-76,-76,-76,-76,-76,-76,-76,-76,-76,-76,-79,-79,-79,-79,-79,-79,-79,-79,-79,-79,-80,-80,-80,-80,-80,-80,-80,-80,-80,-80,-78,-78,-78,-78,-78,-78,-78,-78,-78,-78,-78,-78,-78,-78,-78,-78,-78,-78,-78,-78,-79,-79,-79,-79,-79,-79,-79,-79,-79,-79,-79,-79,-79,-79,-79,-79,-79,-79,-79,-79,-79,-79,-79,-79,-79,-79,-82,-82,-82,-82,-74,-74,-74,-74,-74,-74,-74,-74,-74,-74,-74,-74,-74,-74,-74,-74,-74,-74,-74,-74,-76,-76,-76,-76,-76,-76,-76,-76,-76,-76,-76,-79,-79,-79,-79,-79,-79,-79,-79,-79,-79,-80,-80,-80,-80,-80,-80,-80,-80,-80,-80,-78,-78,-78,-78,-78,-78,-78,-78,-78,-78,-78,-78,-78,-78,-78,-78,-78,-78,-78,-78,-79,-79,-79,-79,-79,-79,-79,-79,-79,-79,-79,-79,-79,-79,-79,-79,-79,-79,-79,-79,-79,-79,-79,-79,-79,-79,-82,-82,-82,-82
1c:28:af:62:42:a0,-81,-81,-81,-81,-81,-81,-81,-81,-81,-81,-81,-81,-81,-81,-81,-81,-81,-81,-81,-81,-81,-81,-81,-81,-78,-78,-78,-78,-78,-78,-78,-78,-78,-78,-78,-78,-78,-78,-78,-78,-78,-78,-78,-78,-78,-78,-78,-78,-78,-78,-78,-78,-78,-78,-84,-82,-82,-82,-82,-82,-82,-82,-82,-82,-82,-82,-82,-82,-82,-82,-82,-82,-82,-82,-82,-82,-82,-82,-82,-82,-82,-82,-69,-74,-74,-74,-74,-74,-74,-74,-74,-74,-74,-74,-74,-74,-74,-74,-74,-74,-74,-74,-74,-78,-78,-78,-78,-78,-78,-78,-78,-78,-81,-81,-81,-81,-81,-81,-81,-81,-81,-81,-81,-81,-81,-81,-81,-79,-77,-77,-77,-77,-77,-77,-77,-77,-77,-77,-80,-80,-80,-80,-80,-80,-80,-80,-80,-80,-80,-80,-80,-80,-80,-80,-80,-80,-80,-79,-75,-75,-75,-75,-75,-75,-75,-75,-75,-75,-75,-75,-75,-75,-75,-75,-75,-75,-75,-74,-74,-74,-74,-74,-74,-74,-74,-74,-74,-73,-73,-73,-73,-73,-73,-73,-73,-73,-73,-73,-79,-79,-79,-79,-79,-79,-79,-79,-79,-79,-80,-80,-80,-80,-80,-80,-80,-80,-80,-80,-80,-80,-80,-80,-80,-81,-81,-81,-81,-81,-81,-81,-81,-81,-81,-81,-81,-81,-81,-81,-81,-81,-81,-81,-79,-77,-77,-77,-77,-77,-77,-77,-77,-77,-77,-80,-80,-80,-80,-80,-80,-80,-80,-80,-80,-80,-80,-80,-80,-80,-80,-80,-80,-80,-79,-75,-75,-75,-75,-75,-75,-75,-75,-75,-75,-75,-75,-75,-75,-75,-75,-75,-75,-75,-74,-74,-74,-74,-74,-74,-74,-74,-74,-74,-73,-73,-73,-73,-73,-73,-73,-73,-73,-73,-73,-79,-79,-79,-79,-79,-79,-79,-79,-79,-79,-80,-80,-80,-80,-80,-80,-80,-80,-80,-80,-80,-80,-80,-80,-80,-81,-81,-81,-81,-81,-81,-81,-81,-81,-81,-81,-81,-81,-81,-81,-81,-81,-81,-81
d0:4d:c6:f2:3d:41,-84,-86,-86,-86,-86,-86,-86,-86,-86,-86,-86,-86,-86,-86,-86,-86,-86,-86,-86,-86,-86,-86,-86,-86,-86,-86,-86,-86,-86,-86,-86,-86,-86,-86,-86,-86,-86,-86,-86,-86,-86
d0:4d:c6:f2:3d:40,-84,-85,-85,-85,-84,-84,-84,-84,-84,-84,-84,-84,-85,-85,-85,-85,-85,-85,-85,-85,-85,-85,-85,-85,-85,-85,-85,-85,-85,-85,-85,-85,-85,-85,-85,-84,-84,-84,-84,-84,-84,-84,-84,-85,-85,-85,-85,-85,-85,-85,-85,-85,-85,-85,-85,-85,-85,-85,-85,-85,-85,-85,-85
d0:4d:c6:f2:bb:82,-84,-84,-84,-84,-84,-84,-84,-84,-84,-84,-84,,,,,,,,,,,,,,,,,,,,-85,-85,-85,-85,-85,-85,-85,-85,-85,-85,-85,-85,-85,-85,-85,-85,-85,-85,-85,-85,-85,-85,-85,-85,-85,-85,-85,-85,-85,-85,-85,-85,-85,-85,-85,-85,-85,-85,-85,-85,-85,-85
18:60:24:38:8e:f9,-81,-74,-74,-74,-74,-76,-76,-76,-76,-76,-76,-74,-74,-74,-74,-74,-74,-74,-74,-74,-72,-72,-72,-72,-72,-72,-72,-72,-72,-72,-80,-80,-80,-80,-80,-80,-80,-80,-80,-72,-72,-72,-72,-72,-72,-72,-72,-72,-64,-64,-64,-64,-64,-64,-64,-64,-64,-64,-70,-70,-70,-70,-70,-70,-70,-70,-70,-82,-82,-69,-69,-76,-76,-76,-76,-76,-76,-76,-76,-68,-68,-68,-68,-68,-68,-68,-68,-68,-68,-67,-67,-84,-84,-84,-84,-84,-69,-69,-69,-69,-69,-73,-73,-73,-73,-73,-73,-73,-73,-73,-72,-72,-72,-72,-72,-72,-72,-72,-72,-72,-80,-80,-80,-80,-80,-80,-80,-80,-80,-72,-72,-72,-72,-72,-72,-72,-72,-72,-64,-64,-64,-64,-64,-64,-64,-64,-64,-64,-70,-70,-70,-70,-70,-70,-70,-70,-70,-82,-82,-69,-69,-76,-76,-76,-76,-76,-76,-76,-76,-68,-68,-68,-68,-68,-68,-68,-68,-68,-68,-67,-67,-84,-84,-84,-84,-84,-69,-69,-69,-69,-69,-73,-73,-73,-73,-73,-73,-73,-73,-73
d0:4d:c6:f2:bb:80,-86,-86,-86,-86,-86,-86,-86,-86,-86,-86,-86,-86,-86,-86,-86
d0:4d:c6:f2:36:a1,-82,-82,-82,-82,-82,-82,-82,-82,-82,-82,-82,-82,-82,-82,-82,-85,-85,-85,-85,-85,-85,-85,-85,-85,-85,-85,-85,-85,-85,-85,-85,-85,-85,-85,-85,-85,-85,-85,-85,-85,-85,-85,-85,-85,-85,-85,-85,-85,-85,-85,-85,-85,-85,-85,-85
1c:28:af:62:04:a1,-80,-80,-80,-80,-80,-80,-80,-80,-80,-80,-80,-80,-80,-80,-80
d0:4d:c6:f2:36:a0,-82,-82,-82,-82,-82,-82,-82,-82,-82,-82,-82,-82,-82,-82,-82
26:c3:01:7f:a4:05,-91,-91,-91,-91,-91,-91,-91,-91,-91,-91,-91,-91,-91,-91,-91,-91,-91,-91,-91,-91,-91
16:34:e1:4e:7a:53,-92,-92,-92,-92,-92,-92,-92,-92,-92,-92,-92,-92,-92,-92,-92,-92,-92,-92,-92,-92,-92
da:c3:bc:25:a3:55,-73,-73,-73,-73,-73,-73,-73,-73,-73,-73,-73,-73,-73,-73,-73,-73,-73,-73,-73,-73,-73,-75,-75,-75,-75,-75,-75,-75,-75,-75,-75,-75,-75,-75,-75,-75,-75,-75,-75,-75,-75,-73,-73,-73,-73,-73,-73,-73,-73,-73,-73,-73,-73,-73,-73,-73,-73,-73,-73,-73,-73,-73,-75,-75,-75,-75,-75,-75,-75,-75,-75,-75,-75,-75,-75,-75,-75,-75,-75,-75,-75,-75
fe:1b:99:82:48:09,-74,-74,-74,-74,-74,-74,-74,-74,-74,-74,-74,-66,-66,-66,-66,-66,-66,-66,-66,-66,-62,-61,-61,-61,-61,-61,-61,-61,-61,-61,-67,-71,-71,-71,-71,-71,-71,-71,-71,-71,-71,-63,-63,-63,-63,-63,-63,-63,-63,-63,-63,-65,-65,-65,-65,-65,-65,-65,-65,-65,-62,-62,-62,-62,-62,-62,-62,-62,-62,-62,-62,-62,-62,-62,-62,-62,-62,-62,-62,-62,-62,-62,-62,-62,-62,-62,-62,-62,-62,-62,-57,-54,-54,-54,-54,-54,-62,-62,-62,-62,-62,-62,-62,-62,-62,-62,-62,-62,-62,-62,-62,-62,-62,-62,-62,-62,-62,-62,-62,-62,-74,-74,-74,-74,-74,-74,-74,-74,-74,-74,-74,-66,-66,-66,-66,-66,-66,-66,-66,-66,-62,-61,-61,-61,-61,-61,-61,-61,-61,-61,-67,-71,-71,-71,-71,-71,-71,-71,-71,-71,-71,-63,-63,-63,-63,-63,-63,-63,-63,-63,-63,-65,-65,-65,-65,-65,-65,-65,-65,-65,-62,-62,-62,-62,-62,-62,-62,-62,-62,-62,-62,-62,-62,-62,-62,-62,-62,-62,-62,-62,-62,-62,-62,-62,-62,-62,-62,-62,-62,-62,-57,-54,-54,-54,-54,-54,-62,-62,-62,-62,-62,-62,-62,-62,-62,-62,-62,-62,-62,-62,-62,-62,-62,-62,-62,-62,-62,-62,-62,-62
d0:4d:c6:f2:2a:e2,-85,-85,-85,-85,-85,-85,-85,-85,-85,-85,-84,-84,-84,-84,-84,-84,-84,-84,-84,-84,-84,-84,-84,-84,-84,-84,-84,-84,-84,-85,-85,-85,-85,-85,-85,-85,-85,-85,-85,-84,-84,-84,-84,-84,-84,-84,-84,-84,-84,-84,-84,-84,-84,-84,-84,-84,-84,-84
1c:28:af:65:d1:60,-85,-85,-85,-85,-85,-85,-85,-85
