x,y,z, 
0.3468628,1.9608612,8.941437, 
0.2942047,1.9608612,10.2438965, 
0.23674011,1.869873,10.090652, 
0.3851776,1.841156,9.496902, 
0.48094177,1.821991,9.180862, 
0.33729553,1.8076324,9.295776, 
0.45700073,1.9081879,9.568726, 
0.595871,2.051834,9.434647, 
0.45700073,2.0231018,9.549576, 
0.51446533,2.1045074,9.46817, 
0.2271576,1.9895935,9.420288, 
0.2271576,2.094925,8.673294, 
0.18406677,2.4253387,9.075516, 
0.006881714,2.8562927,8.898346, 
0.040405273,2.9903717,9.257477, 
-0.32829285,2.885025,9.24791, 
-0.60124207,3.1388092,8.788208, 
-0.41448975,3.3590698,9.13298, 
-0.4049225,3.2585144,9.295792, 
-0.49110413,3.1196594,8.840881, 
-0.40013123,3.0621948,8.721176, 
0.054779053,3.0717773,9.338882, 
0.98851013,2.861084,11.02919, 
0.4139099,1.6017303,13.389862, 
0.2558899,1.3240051,10.272629, 
1.2662354,1.6304626,8.017288, 
1.1082306,1.5107422,7.9598236, 
0.17927551,1.6687622,7.2798615, 
0.8304901,2.4205475,7.409149, 
1.0124512,2.6599731,7.8496857, 
0.42349243,2.7413635,8.989334, 
-0.12719727,2.8658752,9.458588, 
-1.032196,2.7078552,10.488098, 
-0.9938812,2.6839142,10.741882, 
-1.6977844,0.89782715,12.27417, 
-0.9316406,1.5969391,8.366837, 
-0.9795227,1.3192139,9.415497, 
-0.55336,1.1516266,9.200027, 
-0.92684937,1.5634155,7.9789734, 
-0.7305298,1.9512787,8.453033, 
-0.3283081,2.5546265,8.711594, 
0.10266113,3.043045,8.769058, 
0.21279907,3.0095215,10.51683, 
-0.8406677,2.8323517,10.296555, 
0.059570312,1.0893707,13.337204, 
-1.2955627,0.2705536,9.990097, 
0.9358368,2.1045074,6.4802094, 
0.002090454,1.7932587,8.28064, 
-0.3905487,1.6256714,9.429855, 
0.33250427,2.2673187,8.352463, 
0.5527649,2.4828033,8.117828, 
0.07872009,2.6647644,8.227966, 
-0.2899933,2.8227692,9.137772, 
0.11701965,2.8993835,11.551117, 
-0.25167847,2.7317963,11.450562, 
-0.8598175,1.683136,11.230301, 
-0.32351685,1.9991608,8.81694, 
0.12660217,1.9081879,8.443451, 
-0.2756195,2.027893,8.06517, 
0.13618469,2.8802338,7.1649475, 
0.5479889,3.5027313,7.9598083, 
-0.09365845,3.81398,8.117844, 
-0.6682739,3.722992,9.185654, 
-0.79756165,3.248932,10.861588, 
0.054779053,2.837143,9.942215, 
-0.73532104,1.2090759,11.215927, 
-0.8645935,1.6639862,8.59668, 
0.48573303,2.406189,8.113052, 
0.1409607,2.2050629,9.027634, 
-0.17985535,2.1571808,8.38121, 
0.99809265,2.5594177,8.395569, 
1.1417389,3.0286713,8.362045, 
0.9454193,3.5697632,8.611038, 
0.86880493,3.3303375,10.938202, 
0.2654724,3.2633057,10.368393, 
0.67248535,2.3678741,11.139313, 
0.049987793,1.7358093,8.893555, 
0.5623474,2.0326843,9.037216, 
0.9933014,1.8986053,9.056366, 
0.48094177,2.3056183,7.706024, 
0.6485443,2.7605286,7.5480194, 
0.6246033,2.9616394,8.409927, 
0.22236633,3.1531677,9.104248, 
0.60066223,3.2537384,10.105026, 
1.1465302,3.1436005,10.770615, 
1.6445312,2.3391418,10.7323, 
0.35165405,0.96487427,10.622177, 
0.46658325,1.5634155,8.079529, 
1.1082306,2.027893,8.376404, 
0.58628845,2.27211,8.151352, 
0.72036743,2.640808,7.0979004, 
0.77783203,2.7557373,8.266281, 
0.5671387,2.8515015,9.812927, 
0.60066223,3.0382538,10.559921, 
0.76345825,3.1771088,10.71315, 
1.0028839,2.5067444,11.450562, 
0.040405273,0.92178345,11.326065, 
0.4761505,1.3958282,8.227966, 
0.9885254,1.6544037,8.381195, 
0.5336151,1.683136,8.453033, 
0.13139343,2.3774567,6.724411, 
0.059570312,2.885025,8.165726, 
-0.017059326,3.4596252,8.855255, 
0.31814575,3.502716,10.143326, 
0.2989807,3.0190887,10.655685, 
1.0603485,2.2433777,9.836868, 
1.0603485,1.0127563,12.43219, 
1.2279358,1.9417114,7.648575, 
1.4721375,2.0326843,9.338882, 
0.70599365,1.9608612,8.883972, 
0.6676941,2.3056335,7.8448944, 
0.76345825,2.4157562,8.170502, 
-0.021850586,2.6072998,8.97496, 
0.2271576,3.1244354,9.693222, 
0.2702484,3.3782196,10.425842, 
0.006881714,3.1244354,9.654907, 
-0.3905487,1.3192139,12.269379, 
-0.3043518,1.5873718,8.371628, 
0.93104553,2.051834,7.998123, 
0.7969818,1.8220062,8.951019, 
0.049987793,2.2433777,7.1888885, 
0.06913757,2.6647644,7.6389923, 
0.054779053,2.9807892,8.663712, 
0.43785095,3.3111877,9.717163, 
0.8065491,3.426117,11.086639, 
0.7012024,3.2824554,10.784973, 
0.3420868,2.0087433,11.962921, 
0.19364929,2.003952,8.702026, 
0.92626953,2.3056335,7.744339, 
1.1034393,2.0135345,8.864822, 
0.7155762,2.138031,7.634201, 
1.1417389,2.478012,7.7491302, 
0.9741516,2.8275604,7.998123, 
0.48573303,3.3734436,8.012497, 
0.5288391,3.315979,9.9565735, 
-0.3474579,3.0574036,11.081863, 
-0.09844971,2.3966064,11.239883, 
-1.3673859,1.2952728,10.507248, 
-0.17985535,1.7693176,8.807373, 
0.9502106,1.525116,10.229523, 
0.4043274,1.8746643,7.557602, 
0.48094177,2.4732208,7.361267, 
0.4139099,2.837143,7.998123, 
0.2989807,3.1483765,8.951019, 
0.7299347,3.1244507,9.765045, 
0.5479889,3.1244354,10.152908, 
1.4913025,2.363083,10.933411, 
0.08828735,1.1659851,12.413025, 
1.1944122,2.1667633,7.538437, 
1.3093414,1.6352386,9.899124, 
0.44743347,1.3240051,9.34845, 
0.48573303,2.1236572,7.112274, 
1.2806091,2.7940521,8.170517, 
0.6246033,3.2345734,8.687653, 
-0.103256226,3.5123138,8.424301, 
-0.6060333,3.315979,9.712372, 
-0.51504517,3.2345734,10.128967, 
-0.8310852,1.6112976,12.963699, 
-0.5389862,1.8746643,9.238327, 
0.52404785,2.363083,8.3428955, 
0.28941345,2.1667633,8.414719, 
-0.19902039,2.406189,7.1649475, 
-0.098464966,2.7222137,7.59111, 
-0.31393433,2.9185486,7.270294, 
-0.70658875,2.9616394,7.8448944, 
0.20321655,3.0382538,10.114609, 
0.5910797,3.0047302,11.766602, 
0.58628845,1.2617493,14.117706, 
0.17448425,1.9608612,8.821732, 
1.9222565,3.0382538,7.0931244, 
0.89753723,2.2290192,9.243118, 
-0.064941406,2.11409,8.352463, 
0.595871,2.545044,8.108261, 
0.84007263,2.9376984,8.472183, 
0.26068115,3.3255615,8.649353, 
0.33729553,3.1914825,10.004471, 
0.31814575,3.043045,10.694, 
-0.11282349,1.3814697,12.982864, 
-0.6108093,1.0606384,8.951019, 
0.6868439,2.0135345,7.6437836, 
0.95500183,1.8794556,8.946228, 
0.27026367,2.1332397,8.041229, 
0.57670593,2.8275604,7.2798615, 
0.8735962,3.205841,8.08432, 
0.7826233,3.4644165,9.104248, 
0.8352814,3.1962738,10.7035675, 
0.9214783,2.9712067,10.176849, 
0.85443115,1.0510559,12.547104, 
0.10266113,1.2473907,8.529633, 
2.0180206,2.4588623,7.299011, 
1.1656799,1.7597504,9.726746, 
0.595871,2.0949402,7.950241, 
0.95977783,2.5019531,7.811371, 
1.232727,2.5977173,9.027634, 
0.7395172,2.7844696,9.784195, 
0.753891,2.8562927,10.722733, 
0.8544464,2.5115204,10.368393, 
0.4761505,1.0366974,12.010803, 
0.57192993,1.4293518,8.151352, 
1.1273804,1.6448212,8.9366455, 
1.026825,1.5299072,9.750687, 
0.66290283,2.1284485,7.490555, 
0.8448639,2.5115356,7.6868744, 
0.8448639,2.861084,9.027634, 
0.6581116,2.8562927,9.966156, 
0.6676941,2.564209,11.522385, 
0.9597931,2.5737762,9.396332, 
1.1896362,1.3431549,11.043549, 
0.35165405,1.6304626,8.903137, 
1.3093414,2.3008423,8.098679, 
0.9933014,2.11409,8.749908, 
0.13618469,2.248169,7.902359, 
0.2654724,2.4875793,8.558365, 
-0.17506409,2.7844696,8.668503, 
-0.3474579,3.1244507,8.539215, 
0.17927551,2.679123,9.8177185, 
0.16012573,2.0805664,10.2486725, 
-1.0561371,0.43336487,12.130524, 
-0.31393433,0.6344757,10.464157, 
0.17448425,0.57221985,9.865601, 
0.14575195,0.5195465,9.123398, 
-0.069732666,0.78770447,8.237549, 
0.06434631,0.9409332,9.147339, 
-0.20381165,1.0462646,10.267838, 
-0.093673706,1.3096313,9.745895, 
0.054779053,1.5873718,9.286209, 
-0.122406006,1.2473907,10.425842, 
0.2271576,1.5203247,8.951019, 
0.24632263,1.7358093,9.372406, 
0.86880493,1.7262268,9.798569, 
0.2558899,1.4772339,9.894333, 
0.38996887,1.5538483,9.429855, 
0.72036743,1.6783447,9.48732, 
0.7682495,1.7118683,9.544785, 
0.5192566,1.6735535,9.48732, 
0.6868439,1.7597504,9.501678, 
0.600647,1.8028412,9.501694, 
0.39476013,1.7789001,9.530426, 
0.3995514,1.7932739,9.578293, 
0.34687805,1.817215,9.338882, 
0.21279907,1.7453766,9.401123, 
0.06913757,1.7022858,9.549576, 
0.15533447,1.7501678,9.358032, 
0.09786987,1.7884827,9.31015, 
0.054779053,1.8028412,9.420288, 
0.09309387,1.8603058,9.535202, 
0.18885803,1.9081879,9.410706, 
0.18406677,1.8890381,9.48732, 
0.13139343,1.9033966,9.238327, 
0.011672974,1.8171997,9.616608, 
-0.050582886,1.8076324,9.501694, 
-0.0074768066,1.7980499,9.44902, 
0.08351135,1.841156,9.343674, 
0.12181091,1.9033966,9.439438, 
0.10266113,1.8794556,9.420288, 
0.07872009,1.9273376,9.544785, 
0.16491699,1.980011,9.3293, 
0.16970825,1.9608612,9.377182, 
0.11224365,1.9608612,9.324509, 
0.08351135,1.9321289,9.3293, 
0.18885803,1.9752197,9.252686, 
0.20321655,1.9704285,9.46817, 
0.1984253,1.95607,9.511261, 
0.11224365,1.9129639,9.5208435, 
0.11224365,1.8746643,9.396347, 
0.20800781,1.8890381,9.372391, 
0.18885803,1.9273376,9.429855, 
0.15533447,1.95607,9.559143, 
0.1984253,1.9273376,9.48732, 
0.19363403,1.8890381,9.472961, 
0.17927551,1.9225464,9.381973, 
0.16491699,1.9273376,9.257477, 
0.20321655,1.9417114,9.463379, 
0.24630737,1.9943848,9.314941, 
0.17927551,1.9656525,9.578308, 
0.18885803,1.9752197,9.386765, 
0.19363403,1.9177551,9.200012, 
0.18406677,1.9273376,9.472961, 
0.2942047,1.9704285,9.48732, 
0.2654724,1.9991608,9.453812, 
0.22236633,1.9848022,9.439438, 
0.169693,1.9848022,9.506485, 
0.14575195,1.9512787,9.381973, 
0.20800781,1.95607,9.305359, 
0.1984253,1.9608612,9.276627, 
0.17927551,1.9416962,9.439438, 
0.16491699,1.9943695,9.463379, 
0.18406677,1.9704285,9.425064, 
0.13139343,1.95607,9.401138, 
0.10745239,1.9704285,9.492111, 
0.16012573,2.003952,9.3628235, 
0.20800781,2.0183258,9.34845, 
0.13139343,1.95607,9.434647, 
0.026046753,1.9273376,9.353241, 
0.10266113,1.9752197,9.396347, 
0.13139343,1.9656525,9.281418, 
0.21279907,1.9895935,9.343674, 
0.08351135,1.9895935,9.62619, 
0.049987793,1.9943848,9.453796, 
0.09307861,1.9656525,9.377182, 
0.045196533,1.9321289,9.243103, 
0.11703491,1.9369049,9.482529, 
0.18406677,1.9991608,9.434647, 
0.17448425,2.003952,9.496887, 
0.15533447,1.9895935,9.348465, 
0.11224365,1.980011,9.439438, 
0.14575195,1.9895935,9.535202, 
0.15533447,1.9895935,9.295776, 
0.035629272,1.9369202,9.405914, 
0.06913757,1.9464874,9.453796, 
0.13618469,2.0135345,9.439438, 
0.11224365,2.0087433,9.377182,