x,y,z,
0.37080383,3.9576263,9.013275, 
0.15054321,3.9145355,7.4809723, 
-0.18943787,4.2784424,8.256699, 
0.3133545,4.153946,8.012497, 
0.46658325,4.1443787,7.8018036, 
0.3851776,3.9193115,7.950241, 
0.27983093,4.1156464,7.5001373, 
0.4043274,4.7285614,8.43866, 
0.84007263,5.063736,8.089111, 
0.55755615,4.9536133,7.9837646, 
0.6772766,4.7860107,7.725189, 
0.40911865,4.6854553,7.6389923, 
0.12181091,4.9105225,7.3756256, 
0.23674011,5.355835,7.854477, 
-0.10324097,5.7580566,8.524857, 
-0.2708435,6.016632,8.807358, 
-0.79756165,5.609619,11.326065, 
-0.8310852,3.8666382,11.666046, 
-0.20858765,2.478012,9.578308, 
-0.6395416,2.387024,7.806595, 
-0.24690247,2.9472656,5.345352, 
0.06436157,3.4596405,5.7810974, 
-0.069732666,3.818756,7.6916656, 
-1.1327515,4.695038,6.7387695, 
-0.88375854,5.5952606,8.213608, 
-0.19902039,5.9974823,8.869614, 
0.10266113,5.3702087,10.861588, 
1.0172424,4.0102997,12.41304, 
1.6349487,2.8993835,9.286209, 
0.3708191,2.5402527,8.520065, 
-0.62039185,2.7317963,5.4459076, 
-0.20858765,3.1196594,5.0580444, 
-0.10324097,3.8235474,6.9590454, 
0.35165405,5.1355743,8.515274, 
0.41870117,5.9735413,9.3293, 
-0.6539154,6.0884705,9.990097, 
-1.0944519,4.3071747,12.685974, 
-1.5637054,2.908966,8.716385, 
-1.0465546,2.5163116,9.597458, 
0.41870117,2.9424896,6.38443, 
0.98851013,3.1866913,4.6893463, 
0.24153137,3.6032867,5.8960114, 
-0.7927704,4.805176,7.9310913, 
-0.2421112,5.7819977,8.28064, 
-0.577301,5.8681946,9.353241, 
0.2942047,4.9584045,12.753006, 
0.91189575,3.5841217,11.019608, 
1.0172424,3.1244507,8.759476, 
-0.2133789,3.1531677,6.159378, 
-0.45758057,3.157959,5.6709595, 
-0.45758057,3.49794,6.2647247, 
-0.036209106,4.651947,7.9071503, 
-0.012268066,5.5713196,8.256699, 
-0.56292725,6.1315613,9.990097, 
-1.8510132,5.4132996,10.416275, 
-1.4775238,3.7517242,10.411484, 
-1.1566925,2.6216583,9.712372, 
0.3851776,2.8323517,6.566391, 
0.5048828,3.3255615,5.3022614, 
0.36601257,3.818756,6.518509, 
-0.55336,4.9392395,7.43309, 
-0.6060333,5.9065094,8.81694, 
-1.0274048,6.2656403,9.2287445, 
1.0363922,5.03981,11.747452, 
1.3907471,3.6894684,10.55513, 
0.73472595,3.0526123,8.951019, 
-0.20858765,2.999939,5.8050385, 
0.13618469,3.157959,5.043686, 
0.045196533,3.8762207,7.112274, 
0.24153137,5.1690826,7.4187317, 
0.08351135,6.0405884,8.443451, 
-0.5246277,6.4476013,9.731537, 
-1.0561371,5.1834564,11.493652, 
-1.707367,3.7565155,9.013275, 
-1.6690521,2.9281158,10.272629, 
0.12181091,3.292038,6.317398, 
1.5200348,3.6511688,4.842575, 
0.86880493,3.9241028,5.867279, 
-0.28041077,4.991913,7.3708496, 
-0.3905487,5.925659,7.864044, 
-0.4767456,6.102829,9.061157, 
0.67726135,5.1451416,11.848007, 
1.4577789,4.153946,9.970947, 
0.9933014,3.33992,9.252686, 
-0.54377747,3.402176,6.7818756, 
-0.26605225,3.6703186,5.9391174, 
0.23194885,4.1204224,7.1505737, 
0.7969818,4.886566,6.925522, 
0.36123657,5.4085083,8.486542, 
-0.041000366,6.0884705,8.127411, 
0.08351135,5.9160767,9.142548, 
-0.31393433,4.3885803,10.061935, 
-0.17506409,3.430893,9.358032, 
1.1273804,3.2633057,8.778641, 
1.7929688,3.7182007,7.265503, 
2.0132294,3.521881,7.696457, 
1.3907471,3.292038,8.630188, 
0.4713745,3.3255615,8.429077, 
0.13618469,3.1196594,9.6596985, 
-0.25167847,3.33992,8.457809, 
0.5192566,3.3686523,9.583084, 
0.09309387,3.9480438,8.563156, 
0.41870117,4.039032,8.788208, 
0.45700073,4.2066193,6.863266, 
-0.064941406,4.355072,7.9598236, 
-1.0705109,4.6040497,7.8496857, 
-1.1136017,4.8961487,8.170517, 
-0.577301,5.336685,7.241562, 
-0.38575745,6.031006,8.189667, 
-0.79756165,6.370987,8.692444, 
-0.8885498,5.738907,9.516052, 
-1.0417786,4.2832336,9.846451, 
-1.2524567,3.1531677,9.96138, 
-1.8079224,2.7653198,8.520065, 
-0.7832031,2.952057,7.7395477, 
-0.041000366,3.3925934,5.752365, 
-0.23731995,3.6224365,6.336548, 
-0.9172821,4.1156464,7.4809875, 
-0.68743896,5.1116333,7.5815277, 
-0.3187256,5.5665283,9.008484, 
-0.5868683,5.6431427,10.152908, 
0.76345825,4.1635284,13.605347, 
0.92626953,3.0861359,9.549576, 
-0.6730652,2.568985,8.951019, 
-0.91249084,3.0143127,4.9622803, 
-0.17507935,3.402176,5.1442413, 
0.2654724,4.153946,7.883209, 
0.5575714,5.427658,7.7108154, 
-0.1559143,5.872986,7.7778625, 
-1.7265167,6.0693054,9.650131, 
-2.368164,4.695038,11.460144, 
-2.0808563,3.0861359,9.947006, 
-1.2189484,2.5067291,8.907928, 
0.07872009,2.9520721,6.269516, 
0.7299347,3.406952,5.3357697, 
0.48094177,4.0102997,6.882431, 
-0.20858765,5.154724,7.265503, 
-0.28041077,5.8059387,9.257477, 
0.42349243,6.236908,10.061935, 
1.1130219,4.5753326,11.685196, 
1.347641,3.1148682,10.095444, 
0.0068969727,2.8084106,8.687653, 
-0.874176,3.402176,4.7467957, 
-0.055358887,3.7086334,4.4690704, 
0.16491699,4.3742065,7.0500183, 
0.4330597,5.5713196,7.8880005, 
-0.3330841,6.246475,8.951019, 
-1.8079224,6.6774445,10.722733, 
-2.0329742,4.7333527,11.704346, 
-1.6163788,2.9616394,10.382751, 
-0.0026855469,2.7700958,7.8975677, 
1.0459747,3.3016205,4.1578217, 
1.3524323,3.4404755,3.8992615, 
0.42826843,4.1683197,7.1601562, 
-0.26605225,5.7772217,7.543228, 
-1.1566925,6.438019,8.611038, 
0.23194885,6.4332275,11.575058, 
1.4481964,4.8674164,11.259033, 
1.8360596,3.066986,9.674072, 
-0.30914307,2.9281158,7.7539215, 
-1.1997833,3.3973846,4.3780975, 
-0.026626587,3.65596,5.225647, 
0.327713,4.6423645,7.9358826, 
-0.19902039,5.7963715,8.251907, 
-0.5677185,6.054947,10.277405, 
-1.4200592,5.925659,10.167267, 
-1.5110321,3.8953705,11.2925415, 
-1.8462219,2.612091,9.640549, 
-0.4958954,2.7078552,8.453018, 
1.1513214,3.3303375,5.584778, 
1.3380737,3.6224365,5.4698486, 
-0.16070557,4.177887,7.040436, 
-0.7448883,5.0541687,7.1457825, 
-0.79756165,5.7101746,8.189667, 
-0.97473145,6.2321167,8.788223, 
0.753891,5.0302277,11.235092, 
1.1992035,3.7565155,9.434647, 
1.63974,2.363083,11.005249, 
-0.13197327,2.7174225,7.8927765, 
0.2702484,2.9855804,6.3700714, 
0.48573303,3.2968292,8.544006, 
0.33729553,3.9767761,8.764267, 
0.77783203,4.3023987,7.864044, 
0.6246033,4.560959,9.061157, 
0.14097595,4.4364624,8.448242, 
-0.0074768066,3.928894,9.932648, 
-0.012268066,3.7756653,7.586319